1989 4102
580 1007
3441 1157
963 1717
1036 3171
529 3335
1172 2921
2734 2983
2928 1613
389 2649
1988 3752
3231 3172
1977 2876
1096 1806
56 2938
1600 1364
2713 3490
1909 3123
42 214
1264 2342
1882 28
664 3340
3216 2747
4386 2697
2530 2078
1344 988
2246 3777
77 911
2814 2797
2099 1360
3838 1927
1523 2405
2240 2175
4056 3217
949 3884
1806 2638
4070 2986
1237 2470
3326 2115
1486 2729
1238 4383
2588 3554
751 1197
1279 2070
1894 873
1678 2163
578 3442
821 2159
526 4315
2275 760
413 3160
645 776
2196 1639
2837 3498
4273 4536
374 1265
3172 2130
1935 2035
3005 2812
1999 603
4225 4157
2754 2537
3132 2705
1553 771
1693 1867
438 3444
551 3015
2546 4732
670 4299
355 2825
2568 4612
3909 1460
2392 3436
2223 4238
3956 4605
2085 2762
3597 3407
3014 2601
4334 263
4277 4319
844 978
3019 4206
1526 1759
54 566
1796 3450
1510 719
1773 2521
2468 3047
3446 4261
3328 3347
690 1189
874 841
3996 1216
2500 3465
3294 3996
3164 3795
3587 3860
1066 3009
757 643
521 1808
1735 4532
275 475
3662 4327
4190 4277
3698 3814
472 2001
1245 1311
2722 1969
2015 215
1826 857
2467 574
1926 3598
3673 4199
2793 2407
1498 2372
547 3161
3516 3375
1130 1755
1557 4448
2006 4049
2628 2166
999 289
4276 4667
585 1451
1067 2385
1034 78
2097 1137
1327 1302
3106 3768
3321 2514
123 637
501 4735
4297 3573
833 43
385 1507
2027 1484
2664 3671
2870 2312
2442 3342
2947 4428
1160 2967
2226 3661
1201 3594
1918 4219
2993 1877
3709 1458
1497 2872
2598 3506
2331 2105
1698 1044
1994 1234
2938 4458
124 288
2609 1550
1030 1840
281 272
4155 66
4231 3889
3892 1545
1043 1055
563 4227
3033 2590
3500 3843
3789 1431
3313 1499
1848 553
4058 4225
410 3596
4342 4697
2202 1596
1401 202
2463 1295
1398 4647
1405 4402
740 1091
581 2243
2329 1575
2815 3155
1902 1514
3311 3916
2882 4517
2119 1678
1480 1296
1032 282
2191 3365
2478 2724
3974 3376
3494 1481
1646 2284
1064 3150
2128 2917
425 4192
1468 4638
2084 2253
2594 3688
3046 1144
3651 4350
1001 2730
2061 2793
4325 2351
3248 3595
95 428
3861 1202
1276 4331
1072 3855
1536 1655
232 266
2422 3443
4262 2914
3695 96
1530 3384
3387 3068
4201 2549
2425 633
3306 1515
1982 396
2368 1092
1108 2579
3699 1196
1076 2056
556 3652
1948 2848
3837 4302
1119 2886
4281 2185
996 1696
622 2557
1133 4590
37 1405
365 871
704 732
3168 3353
1346 3243
1556 1595
4037 4398
1914 2846
1895 2633
2290 336
988 1554
1934 1317
1441 1803
4218 3776
1617 1605
53 3759
4055 4646
3282 2501
3413 797
541 993
3658 2067
2552 2399
1919 2818
4356 4312
1543 2452
238 2710
4195 4566
179 3103
1945 7
3039 3741
3433 4024
3991 3496
4107 4511
2286 3018
2134 3258
1492 1150
1040 2996
141 4397
166 561
1447 2718
91 1429
4038 491
1365 1921
2248 2100
3877 4706
2574 4057
2487 4484
2042 2693
1528 3504
2337 194
3487 4343
2985 4163
2113 3297
4022 4476
2711 808
2333 1576
348 1240
2505 1495
4136 4529
4065 1986
2107 4325
3062 3758
3607 4170
4290 3348
4088 153
1721 4592
1048 925
2933 2547
3229 3630
1520 4335
4227 2427
2569 1745
591 3002
1080 2059
1985 1534
2263 1661
1050 2108
1506 1593
1632 3151
1199 4042
2744 1954
2828 3733
3845 4111
1729 2400
48 1838
1100 2242
1955 1006
4352 3315
3738 4367
3668 4289
802 310
806 463
2692 4333
565 1114
1218 2609
631 1037
4278 541
1544 2311
3561 3533
2785 1756
1939 2008
4323 4691
3288 4066
3264 2288
3227 1740
3503 156
3984 4452
4000 4460
2038 1709
268 361
1069 3772
3936 3640
1922 197
11 4716
4128 35
4052 4547
1525 1486
466 171
3702 1580
3679 4202
1836 262
1853 4324
1458 2740
1136 2908
624 1892
379 54
2929 4512
1112 3427
3860 3052
1392 1322
2488 4709
2132 770
3030 3048
3409 4340
2114 3566
3182 1950
2352 218
79 913
799 1340
3128 2178
198 850
2397 1700
2957 2505
3429 2836
3022 3922
3742 3628
1271 2320
2177 2125
1716 2023
3775 3982
1307 4004
2689 3472
3072 2646
577 3081
4014 4176
4401 4030
4404 893
2736 2111
186 581
1807 2126
1282 2117
3221 1782
2167 4713
3923 2039
1519 3228
2384 3695
639 3354
4019 4280
1517 1041
3727 1148
1278 4348
4169 4557
954 1707
2342 2445
1568 1312
3619 3599
2925 3700
538 741
2759 3338
2044 1274
2002 2546
493 432
399 3097
1782 2421
871 498
2767 2347
1200 384
2589 2627
1628 2123
135 160
1120 2887
3705 1172
1601 4320
2705 4546
571 1305
1355 3329
4071 4520
1924 2097
1980 707
2963 1648
1569 1653
1973 2334
3439 652
788 2578
2527 1519
2305 3078
2696 4714
259 4581
511 931
4193 1428
3448 511
2330 2245
632 1371
2872 2266
3853 2137
1176 3082
2548 1128
3872 4387
3065 1723
773 1663
3181 4025
3531 4241
261 3740
167 301
2735 2127
321 2890
291 2052
840 2770
4360 918
3757 2456
3993 4746
970 1246
4263 4018
560 1590
3735 2542
2225 1936
1137 1809
1725 2270
481 2871
1929 2835
1073 1551
3377 3249
702 1052
1905 3040
4015 1188
3401 689
3064 3175
909 107
4090 3014
2302 3514
323 687
3067 9
3096 4678
3797 2920
3850 1225
2582 3281
749 2374
1124 196
3972 4423
175 1924
2194 4685
3118 3960
508 3177
1727 4196
1867 2289
3163 3894
218 8
2997 420
1562 1286
892 2426
1897 2885
2471 1793
4028 4097
2678 660
3358 1878
3792 2625
3123 2622
2282 3938
4294 2857
914 1314
114 1903
414 344
3420 1746
2764 2618
2431 3104
2753 1894
1505 2071
810 4013
2257 3911
3461 814
3847 1966
603 1476
4083 372
2004 2596
3880 442
1303 4549
479 1254
2592 3556
1122 703
2386 3387
4357 3045
2848 2013
617 3159
2268 1971
1610 1213
3894 2824
1019 1991
1272 1513
1386 2390
1638 1021
1612 1598
3140 4577
2510 3651
1423 898
533 620
1869 602
3394 3839
3881 2416
3588 2947
3284 3269
2524 2248
561 505
2273 3751
2207 3066
1618 4730
3059 1871
698 3053
780 1190
2074 4295
3930 4618
2103 4467
3406 2309
2742 569
3256 2370
2768 2411
2607 1473
3398 4269
841 388
2662 3300
132 654
270 548
2931 3591
2519 563
2491 2988
1104 2673
2256 3277
266 855
2293 4271
573 461
2105 2991
637 3742
3986 4453
3440 2441
594 3378
0 3301
490 1691
120 502
1995 1345
273 709
1471 2415
4302 546
500 919
2201 3974
3656 297
3178 3770
2939 3712
3308 2019
1790 1480
4208 4310
190 1621
3819 4185
849 1636
3602 1770
2883 1889
3329 1527
1061 3912
300 3310
3224 4376
2110 4174
3421 92
3647 3154
3466 3710
3007 3895
2466 1138
3325 1872
2869 3575
239 1664
904 994
3185 4080
609 1591
2617 3191
1408 1530
3295 4213
2347 2974
2724 4194
2314 4361
4142 4531
3084 2017
3840 3414
540 327
3985 3831
3520 2701
1489 3038
2479 2221
398 174
3612 4077
4213 3194
2658 766
1187 2392
2472 539
2116 2940
3976 2373
885 2509
242 640
2462 627
1479 795
2776 3470
1223 1463
1859 3574
2830 573
2393 1640
3804 4023
627 2948
2020 11
857 223
549 79
644 205
2590 3947
2219 2925
611 2226
1127 2533
1203 2594
1779 323
1141 1885
1121 1064
2499 390
3155 430
384 903
1957 183
3639 4459
4034 4395
2283 1489
3887 2732
2673 3677
2581 4301
1390 4422
1774 1318
2783 2731
1915 897
4009 4668
1622 865
3366 4533
1431 2873
1968 333
117 229
1434 4634
3649 483
993 319
4163 1702
196 129
2284 3755
1281 506
1640 1268
1843 1361
2877 4129
2053 2924
1852 1788
2235 4619
1337 1058
655 1096
3032 740
570 521
1000 882
800 967
402 1981
3297 1623
49 230
987 4469
1181 1718
2915 638
403 106
67 612
457 558
2363 1913
4120 411
2250 2711
4209 2368
2469 2261
2987 1205
744 863
1639 2140
2067 2612
2334 1583
2965 434
3212 4083
338 488
2704 167
1321 811
176 1816
3477 4255
1490 399
3988 3030
1675 1338
3373 3245
4105 4720
289 370
3876 199
4170 3174
1641 2142
1588 1985
453 2722
102 484
4003 3033
3945 3046
2206 2976
2335 3248
2171 2363
2094 2785
919 1686
2618 1462
3541 4160
1745 455
1102 745
3370 2823
1169 1229
4051 175
3013 2530
514 2869
287 422
2410 281
3322 2584
2805 4489
3681 2254
1182 3184
2083 3716
1151 2332
2679 4377
1841 3765
4066 4682
3832 1426
2979 3800
2077 2279
2630 469
3833 4657
2661 784
1649 4264
724 1989
1515 1537
684 1181
835 4003
905 300
1570 3701
3594 4748
4203 724
572 663
126 1122
1068 4159
298 731
568 3230
313 2689
845 1526
824 1123
4286 3328
503 425
3174 648
4084 4265
4214 4443
2739 2969
3043 2293
299 927
3493 2602
1870 2362
4252 1457
4005 3788
125 1500
3578 1704
1429 1562
2858 3312
51 761
4102 4686
2228 4168
3753 2051
2906 3610
236 4193
2927 4164
2023 2282
623 4060
1969 2761
1055 1565
1912 1876
3933 2198
4338 4175
3890 2880
1504 4096
2190 201
1464 3623
2346 3767
2834 2595
3862 1027
1478 3327
3623 3391
971 609
1920 2751
4253 2833
614 601
2545 1121
2946 3721
687 1187
666 3331
1888 2357
3049 3140
4188 4092
1818 4358
65 1310
369 3065
1499 3290
847 1635
3086 2878
3636 3287
2799 2150
1861 4121
2338 3240
1840 2663
2557 3520
197 4222
1409 589
154 543
2453 4050
3585 1671
2899 2632
4081 4676
872 2894
4178 1951
1752 2331
360 2328
296 2844
1767 2297
1901 1376
2193 3273
4062 2030
2832 1132
2259 691
100 872
2560 4640
315 2213
3874 3932
990 1765
1884 2553
2291 2640
717 192
2715 2789
539 325
3267 4593
210 635
3479 1884
3873 4701
3138 105
703 1053
3258 1824
2353 3222
2822 3944
2995 3071
3859 1464
4017 3505
2829 3061
2405 2367
1812 2933
2695 296
935 3780
1590 2628
1265 1556
2587 2735
1792 115
1186 1532
96 429
1224 3877
2299 3072
4130 1392
1917 2816
3780 118
2432 1414
262 749
146 2837
1381 4352
3560 848
2486 1699
1802 446
1845 2669
290 2158
173 570
2862 1323
3251 3867
4141 3180
1400 339
3131 3984
741 711
4073 2568
4053 3897
2780 1528
3677 3523
2966 1395
3269 2893
2622 2768
1006 67
2885 807
3481 4221
2688 3308
2379 163
732 2455
138 520
3268 2619
3694 1446
2909 1652
1837 1108
1213 1277
2123 162
4183 265
2525 3480
671 806
4168 1984
1111 3484
3703 3318
1003 610
3851 1227
966 1719
3303 1089
875 3451
4004 2129
38 3749
1338 3261
2459 473
2126 2227
194 1211
4064 1611
4403 3267
793 4262
3023 1472
2493 4420
3791 3792
1986 3956
2071 72
90 421
3713 4649
3031 2528
2991 499
15 2984
2388 1259
3331 4545
3536 4151
3397 3526
211 657
3189 4747
796 636
4198 1424
246 1264
2766 4702
3213 3921
3146 3324
2563 2176
3473 3773
415 2715
3150 17
1091 1813
2241 2239
2728 1367
1051 1161
2564 3143
2914 3739
3134 3847
3580 317
2649 61
4398 3416
4026 2717
2538 670
1799 2453
2276 2637
3630 1171
2533 1194
1190 580
1586 2094
3822 4538
2120 2813
4125 2156
3893 4431
4259 4058
4414 4528
463 3706
2818 1214
1375 4233
4164 3990
1340 4658
3781 3110
330 763
2408 1964
985 134
1898 3988
4365 2939
527 1
3310 1031
4348 2096
856 158
134 2700
4013 3593
986 256
4359 1112
3153 4576
4001 1200
2578 4316
2982 3803
4321 1185
1817 4354
2470 2834
17 2032
3790 1899
4355 4751
1039 1910
1099 2461
3918 448
1754 4637
944 1432
405 73
312 3954
395 1766
1074 2566
45 4034
1653 650
4207 3410
3137 3850
1583 2141
4129 4321
941 2957
486 3326
1679 4362
2455 2409
2646 3385
2267 2482
3426 2683
3805 4502
30 1383
2913 3784
302 1374
980 641
1448 4544
3000 3306
4336 534
1747 2520
3462 2393
2580 12
2406 2956
619 349
3187 4124
1472 1281
4025 2348
2100 415
462 170
1033 3146
1883 4588
2217 2891
1140 3703
137 1066
3175 2046
1749 1285
507 1868
2653 2936
1775 968
3685 2290
1692 31
2374 2027
2660 1934
931 1220
828 436
1356 2200
3029 4313
2435 3113
2280 3525
4255 347
984 4745
4121 3114
1967 2863
2923 1907
3908 4292
4379 3736
98 82
1706 1601
1551 1067
3919 1280
1816 2574
3089 1820
3386 3913
843 3088
502 2642
3934 99
2503 3274
435 139
2748 351
4314 3863
3782 3690
1354 2264
3924 3858
916 2241
2322 2659
3525 642
1383 2202
674 3270
1273 1682
1037 4363
1367 4615
2738 3449
2983 4243
2999 4598
1916 2820
1382 2199
1946 2273
1462 1622
482 186
279 451
2165 2301
3940 1630
70 62
1548 24
133 655
2802 1802
3812 959
1010 3812
3085 3900
3634 1844
939 2898
152 537
4145 2769
383 38
663 467
1703 585
136 1043
1318 4404
4147 4550
2090 1918
2967 3162
713 1097
1180 1856
3968 3298
484 3763
2258 826
3079 4510
1992 3060
1475 1289
3010 402
1297 1093
2034 1617
3112 3116
2389 2192
1539 2448
1762 747
3124 2493
2066 2610
81 2524
2272 3663
1324 1391
2449 190
3517 3529
4311 4743
3068 4445
1662 1496
1785 1346
1116 1791
2490 4499
1658 4169
2517 1898
2092 2749
2278 3041
2752 781
3589 935
3301 1754
3554 4161
2059 758
846 664
3911 4274
1284 3625
752 3276
1175 3358
2629 3207
951 119
809 1010
3319 2002
2073 4334
1177 1742
1347 2255
1456 303
3205 2341
505 2681
2579 3502
3927 4390
2775 204
2974 4130
2473 3359
4242 4540
2867 2443
3659 3
2080 4082
516 1607
737 3555
3717 4740
2701 237
1942 2955
2521 3149
3093 1751
1155 3023
832 4563
1251 3806
3643 1926
2418 1475
1801 3337
771 785
2949 966
195 48
1581 2725
4194 132
532 617
3464 2910
893 632
3451 856
1047 2143
1185 4256
2717 2973
3411 2861
1250 1780
4080 4184
2247 2324
2750 834
3785 3945
1512 1891
3542 2968
4400 3531
3183 3619
2328 2478
1079 203
1983 3120
188 1724
4383 4728
231 682
229 504
3866 3211
1234 3723
2936 3908
1308 2773
592 1018
1350 4444
4307 4505
3995 567
1514 2075
3557 1147
357 1887
3057 466
3028 2050
2376 523
2970 456
994 4054
2122 4290
311 2423
2850 2518
2778 2015
524 1610
4393 3849
3465 992
1183 695
776 1967
497 3055
1132 3962
3818 3852
1360 2089
2961 2946
4372 3778
822 884
3245 3946
2287 77
3095 2149
3116 3959
2367 1570
3120 2860
2880 3044
2344 562
2667 3798
1167 1940
1014 2608
1772 2258
2865 1370
1026 818
2166 1939
4328 188
710 1063
1372 3167
2729 3303
1809 3539
265 3279
3054 3605
1174 2774
216 2477
3577 2384
2315 3864
3278 1882
3405 3658
4375 1125
2782 3131
3419 866
542 4149
535 242
2924 3699
4054 3880
4182 4328
3385 4135
478 3989
1651 81
2426 1848
3143 3004
4350 2424
2528 4093
1060 1059
4351 3738
2251 3515
470 4548
4397 1552
2129 1711
2986 3142
2843 754
4095 1444
3379 397
758 644
2565 2177
1739 1456
1744 4525
3884 4208
432 1786
1090 3059
3470 3438
1863 2721
3395 1184
4326 2704
1294 862
292 3653
1737 1056
455 1888
4340 2237
1558 382
1162 4012
1433 2326
3099 4579
3061 3195
115 3003
2327 3016
1310 4235
1165 1328
165 1353
3203 4462
184 568
1316 3516
221 1330
1876 2338
586 3456
373 2536
3352 3244
2289 3166
1529 2636
1788 3108
1269 1386
2601 3508
3423 4105
4279 1542
4411 3827
2187 3807
441 358
3247 1342
3693 1559
163 4072
3638 4282
2448 3345
2833 2777
3640 3185
884 243
2561 226
3740 4368
2312 1162
353 36
1466 3835
4133 1533
3490 3698
1107 3952
4230 3021
3196 4237
2623 2102
4247 4117
612 1774
4159 2232
3091 3075
4023 426
180 1164
3489 15
293 2981
672 2116
2819 3034
1963 4690
4406 2496
3987 4454
450 991
4329 2302
3545 981
1379 2196
392 1842
4077 938
3125 4754
3964 4491
3368 3254
3253 2599
2839 2551
3992 3971
1145 2677
2921 3958
1170 2999
3094 2218
4166 2507
1493 2299
777 3252
1221 2912
1461 1642
1923 3043
294 2665
3367 3785
2323 512
2148 4424
1797 3655
3732 4308
2922 3612
2049 2741
1904 2606
3162 969
1545 586
667 476
3450 3412
2458 2449
3749 4311
3219 1849
1615 1600
169 565
579 1004
1197 1932
877 550
2222 2474
4100 3662
1974 1668
361 2381
3206 181
2960 166
1483 1826
2751 1880
1334 2188
1535 672
3867 3126
1699 965
4078 2652
3141 812
3722 4355
707 3679
2634 37
1953 2365
220 772
554 1546
1616 3726
1979 2966
738 1379
2236 783
902 864
2535 3896
552 253
2096 2655
1700 380
2133 435
1380 332
2104 2763
2531 1425
2508 4442
3272 4705
3222 2733
2851 3999
2803 4043
1011 4474
1844 2666
3778 4190
1508 4099
3548 2223
953 258
711 49
2244 3264
1240 4463
4396 2679
876 1329
3603 696
616 2376
177 790
3362 480
1560 1710
387 3440
3574 3641
1959 945
3686 4209
3627 4010
258 4370
2048 3930
2895 2778
2645 4425
2395 2838
2509 1578
693 4366
71 2283
2871 4195
1893 3284
3195 1179
3012 964
4180 3268
2137 2954
1333 21
1657 352
3165 4435
1204 587
1146 1439
2366 1151
3453 2614
1709 1282
428 130
3879 3144
3937 4503
1092 2458
217 759
3813 3339
303 736
170 2708
3690 4413
3795 3152
1546 2454
566 3744
3324 1033
3943 4560
2445 4288
3615 892
4179 4020
274 710
1097 1142
2341 1997
1495 2561
3910 417
1668 2631
3119 1036
3499 1410
3901 2942
2495 519
2860 4718
351 789
1680 2165
4151 1492
2941 2388
3898 2077
1579 4677
3290 3937
4152 1794
2411 2268
630 3764
2910 2219
1171 4604
3045 2859
590 2217
2345 2036
2047 3452
3982 4027
63 3401
762 1146
4285 2054
452 155
1502 3682
1437 1797
4035 2398
2414 3266
3149 1248
52 1320
1842 1627
3271 1846
50 3032
1683 1478
1518 4666
2543 4011
1444 796
3799 3461
382 394
2021 3828
3569 2295
981 1062
2168 2305
2296 2099
3571 4447
2378 3547
659 250
337 2296
251 1250
12 200
1669 1979
836 1612
1396 2616
1891 2315
2841 3455
3192 3939
2683 3684
3009 3898
1013 613
979 3147
3111 3463
2423 1522
55 1914
1690 1276
3475 1558
127 112
2261 154
94 3793
1758 2498
1724 2269
1062 1159
1795 3349
2657 3350
3741 4371
2109 3654
3092 2759
2173 1555
1572 406
2480 2184
2433 1634
1753 4683
64 2205
1212 737
1966 2300
105 1832
2130 1008
2507 3209
3041 2702
172 2120
2245 3933
1594 2440
3665 4287
4117 4692
4358 4698
2396 3226
327 3153
162 3145
2205 3026
775 1922
1815 2604
555 611
320 1448
1542 1998
2707 1841
1298 1569
2285 4724
4380 4079
1736 2576
1803 2476
1849 2488
760 1506
363 239
4189 3578
3803 378
4223 4601
3006 2535
1990 4591
288 56
494 433
2354 1776
2619 3197
2529 3482
150 85
1157 3283
2875 3600
1559 942
1756 3829
2156 1933
2749 572
3299 4070
429 133
3233 1900
476 4
3978 4293
1630 2171
1793 299
932 1263
3476 4323
2555 19
386 3809
411 331
959 720
3365 3293
1718 1404
4219 3602
4098 1784
359 801
3962 1449
2554 3782
839 1390
4241 2314
557 94
358 878
882 419
2992 3579
528 950
3246 1764
2450 3637
1591 3973
3075 2336
2484 2450
1406 3492
2234 2930
2253 3823
2300 2000
1652 4142
714 692
271 1358
4032 3914
4116 590
3751 3836
2140 3163
961 1973
2146 4625
381 1498
1645 1321
2057 2345
2639 1152
2098 3808
2544 2569
4234 4708
3946 1226
1336 2378
915 330
1232 2623
1740 2327
2945 1375
3173 3074
3719 4039
2937 3711
888 2058
4108 4500
601 4429
1534 881
2666 3404
1733 3705
613 1283
1248 782
3570 997
316 4078
3334 3590
4399 1525
1376 1471
3193 439
88 416
1664 2706
2437 4016
826 4681
3415 3491
3097 3544
908 1423
3374 1401
3864 2080
3050 3307
3637 2222
343 2281
2424 3341
2770 441
2821 4410
4115 3669
3852 3626
3363 1589
3546 2965
1042 1609
3949 4521
2184 803
812 1244
1839 3729
3975 4734
401 2128
3527 1140
3044 2469
4390 4002
2542 2951
244 4599
3617 4127
1420 100
2716 2657
2699 4626
224 1105
1732 1729
3384 3819
3759 2675
74 3582
2019 2787
3591 2417
3361 313
1755 717
3696 793
3697 4115
525 3722
3502 4068
1704 1930
4118 3613
4394 4575
1331 1582
1947 4673
2702 409
2029 3178
2420 4062
4239 4616
4018 3446
3760 4268
2060 146
3895 2355
226 1688
3133 1650
2332 774
13 71
983 366
2149 3820
3515 3940
2266 4662
4041 2839
1460 4133
1997 3090
202 4572
3828 575
3053 1750
1377 2189
1359 3875
4287 4721
332 764
1263 876
2840 1547
1938 3687
456 2
2878 2018
1719 2034
1134 1003
2988 3825
4167 4468
1267 377
35 2900
1123 2629
3835 1435
24 2699
813 1245
719 1050
4048 2377
3598 4112
130 3817
495 914
458 2397
1009 3731
2274 2544
333 1566
779 1974
2698 3367
1320 1987
1 238
10 2764
424 870
887 847
3863 2069
3008 459
918 1685
900 2801
2644 2598
2198 1817
1470 1271
859 3801
4092 1669
1554 2494
161 276
2309 2527
1173 647
1198 2979
209 1873
393 3430
2307 2014
3653 1731
2040 2587
3955 4739
610 3689
1191 4552
1078 2605
113 1075
1300 3483
168 564
3108 3771
917 1366
940 1266
2893 3642
995 983
668 2944
3417 4214
3629 4251
4288 1631
1855 2091
1984 2335
2597 1938
3998 1343
3225 3967
2731 1549
2953 1862
4132 2639
3915 4553
2959 4562
3435 211
109 3257
2481 4359
899 2529
4104 168
1708 64
3104 1077
1312 1594
608 2139
1387 2173
3929 2814
4320 2589
2994 623
3736 4231
4181 4603
3148 1192
1430 2491
468 4232
4324 4059
437 2208
234 2085
3425 559
621 4266
2806 3621
964 1857
2343 53
1711 2182
1889 4621
866 891
3806 137
2036 3036
2709 3362
3263 4330
3970 2656
2719 3356
324 284
1260 1807
4045 2093
3744 3890
3552 1104
3259 3810
3777 1126
2441 2020
444 1825
701 1049
1620 4019
3073 1866
4381 1230
2789 3133
371 1482
2172 2975
682 245
2859 4568
2541 1304
2849 2481
1452 3399
3380 3216
3210 1483
2710 4218
2809 3622
309 395
104 269
3519 3330
4249 2515
3951 4628
2401 2382
3559 1109
3530 4182
87 2707
2920 1599
1439 4272
26 403
3526 4063
2199 4322
2602 3509
1195 4509
865 2148
3857 2240
1531 3474
3663 1012
4236 3448
1332 2238
1349 1923
3341 1768
1832 2063
1771 3179
3234 1455
2826 1720
3443 1113
1004 4051
2787 2356
3207 676
2570 571
2794 4430
805 977
2889 2847
3583 3693
4367 2687
3254 4600
1277 3583
3512 1080
1619 4017
1609 1588
562 354
1222 962
2032 3011
1940 507
58 3205
3642 4283
2008 2776
3576 3941
3692 1643
2769 2152
862 3832
3689 3756
3241 1335
390 3251
2452 4434
111 369
1937 2172
513 4629
418 3643
2842 2082
3020 2783
1421 4650
4373 3970
2265 4349
1216 3929
3575 4254
3550 3708
1688 1100
2464 3025
803 975
212 4427
1659 667
3534 4150
1858 2041
3071 2615
658 464
3347 3351
469 832
2075 3735
4200 979
1289 1139
3280 3242
110 577
4266 4090
2152 835
3635 3087
3076 240
1247 2379
1913 3512
8 533
4156 3141
28 4303
1192 509
1835 367
686 1186
159 324
3437 3670
1311 3253
2904 2676
1052 2739
39 939
2586 70
2182 2889
831 3601
2230 2132
2637 3214
431 136
1623 3802
3831 1461
3117 2916
3036 625
3523 2057
3706 306
2663 3887
1975 2161
1614 4085
1087 3562
636 1467
2476 3156
894 743
2632 3368
4211 1805
3684 4365
2145 730
3016 3571
3273 131
1829 2641
1089 457
1833 1836
2551 3546
3816 4707
2732 2195
1978 4038
4235 1485
155 544
1266 2691
3495 1904
515 934
1643 779
2647 3294
1440 1680
464 104
3846 3649
2320 4378
1684 859
2626 3199
204 1262
3359 280
256 715
3672 4753
1927 4114
2460 1647
423 868
543 3518
1667 3859
2958 765
3391 3979
4057 1235
3354 4694
151 532
2016 3846
16 4541
2026 3138
553 90
1286 3447
1604 1388
564 2840
2017 1855
2954 4273
1389 600
3342 4729
460 4518
3765 4389
119 501
4224 3285
342 852
1217 2437
3483 2061
2720 3183
3265 2337
1838 2661
536 316
142 528
3953 4641
531 1316
1373 3454
3973 3128
3558 309
3582 2543
770 1334
1824 1812
2942 144
3507 3027
3025 3278
1780 3790
3169 4141
1302 482
3758 3112
4185 649
2817 3627
219 1236
2022 1953
185 3833
4283 4242
3632 157
2706 4140
938 4403
3521 3816
2615 920
1776 2720
3298 4240
4030 3748
3158 2786
4413 3198
4111 462
2141 1095
4061 3377
4217 2442
1791 2187
1142 508
1477 2025
1128 2026
3907 1897
178 1879
319 3105
3786 4450
3407 1389
2294 1557
3875 360
83 2380
2295 3220
23 1094
3586 4110
870 271
344 1348
1194 867
1098 1563
1507 1418
329 1758
722 1074
929 4189
4161 4675
2532 677
1899 626
2797 1034
3317 2446
2558 3291
1362 4332
3601 3542
2694 3434
1435 552
3215 2329
1764 1191
2297 3369
2339 3271
782 3548
1206 2901
1846 725
380 1086
769 2624
367 142
80 338
3438 2408
2896 1960
654 4257
2200 182
3563 1269
2436 4515
1950 2850
977 986
3360 2881
33 516
2125 2972
2069 1975
4370 198
4301 3925
2483 922
1214 1369
2028 1488
1961 685
4086 3535
2518 4156
2951 787
3074 3854
4106 3001
1384 4211
1027 4608
1049 26
1443 1291
2011 355
2151 2971
2138 191
4137 4100
2112 2472
1521 2404
3157 836
3794 16
434 138
1008 1231
2308 1988
1404 2224
3842 4304
3011 273
1225 2798
1635 4551
3211 3667
2786 3923
318 748
3430 840
3455 2719
1309 68
1020 804
2365 208
1070 716
4197 3857
1712 3907
400 886
352 40
1442 1362
4315 4394
720 1944
1854 2728
2549 3787
1147 3805
3191 4126
1038 3415
59 241
4158 3665
1152 746
3596 3225
2485 2414
1624 3234
2162 1861
1903 2941
2428 828
2908 185
3939 453
4139 3606
933 3164
2807 989
1414 122
633 4120
943 4418
108 29
4046 4516
2835 4155
2572 4554
2522 4197
2496 4727
1575 4031
78 2029
2203 2366
3369 3615
3779 4446
2576 383
3021 2791
2772 3008
203 298
394 1829
1035 2504
1378 1995
4060 84
4050 3743
2901 2832
3399 3975
1567 4276
3773 815
3733 1775
733 3841
1965 3696
4 307
1446 905
3345 889
3114 3232
3491 3873
3171 2343
3906 4138
795 1009
4305 1238
2534 3540
2620 379
4101 1165
848 2432
745 4101
1156 4172
4306 1477
2516 2457
584 1013
548 2556
1908 244
4347 3577
2573 1208
4171 2573
1532 2571
2237 1308
982 3320
2876 363
3276 3425
32 2781
2998 1315
3480 4191
2506 4411
868 1659
1084 2064
1555 624
3186 4123
767 659
14 454
2311 2903
3428 2265
3110 2748
4412 2434
1341 1603
3218 3096
1196 3528
2170 778
2147 4438
3121 3532
3066 1865
3885 3878
790 1209
750 2147
691 1356
1925 1017
838 2275
3783 2703
4232 3639
3431 3332
3944 4561
2159 690
934 1982
3701 1396
3390 4128
1549 74
679 1167
72 639
2792 3286
2746 733
1256 1469
1296 1430
3177 2303
2014 2559
3746 2800
2687 2285
3088 1045
230 1737
1031 2183
890 1465
3532 2879
4361 4700
1454 673
3796 1626
1681 2959
1044 628
656 929
1226 89
3107 713
368 909
2526 4341
3314 3019
2010 2772
1731 4041
651 46
439 150
3396 400
3821 3346
1065 547
227 2009
1814 915
3098 3534
1627 234
2087 4595
2375 3838
3312 4244
3069 2653
889 1573
3026 2899
860 1608
4212 3503
4085 3106
1476 2022
3965 4648
272 2502
3230 1204
1962 4300
2740 4669
3456 4620
419 350
695 2980
5 340
2362 3499
522 445
182 705
3731 1416
699 2977
25 4723
1751 2830
2350 2780
789 1408
842 1715
85 413
3353 3845
465 1828
2188 2325
1866 2412
728 50
1629 1620
1110 2580
1481 2167
784 1357
1453 1447
2917 3259
2160 853
2972 3766
2675 3390
1422 4179
471 4297
3038 1869
2174 4609
2625 1239
280 846
3257 2277
4317 4597
2095 2757
1411 2513
517 4029
965 2943
4043 4234
2674 3678
1578 4360
99 267
3412 982
530 616
597 2135
2033 3769
2562 1579
233 39
1403 1811
2185 4071
2790 44
3058 4215
3275 4220
4264 381
3252 937
3935 4498
2610 3187
269 2804
1326 579
4251 2990
1139 486
4222 1118
4244 4228
3151 3794
2255 3322
1143 4260
4099 1757
3882 1124
1933 2753
1705 1796
1330 3724
3843 4305
921 2577
1689 529
1513 3824
3318 3774
19 899
1424 3487
569 1001
3237 1381
285 76
4029 207
2903 3475
814 305
3344 4635
491 3469
140 524
4238 4742
4089 4336
4144 4291
903 1413
3854 4497
1436 2758
911 359
3745 376
1621 1319
926 30
2636 2684
82 3567
3378 1727
3858 2845
1059 2246
2430 3231
2813 1993
2513 2563
3826 3355
2369 1272
1427 944
1189 2422
2804 2233
4173 1168
2669 2744
2990 2668
1413 1543
3287 2038
4124 407
3648 135
3604 3409
3728 1078
2737 1931
2224 2928
1329 2180
1538 1693
4349 4473
2438 3115
646 127
1159 3888
1887 1675
2189 974
2316 4009
372 1814
1126 3445
2919 1468
3077 2145
1958 184
3734 2479
282 2648
4335 3433
830 816
2025 3394
1211 4632
1885 386
4382 4409
225 693
1820 2808
1911 933
3572 4671
3938 4504
2943 2267
1418 1548
1459 41
998 597
978 2170
676 630
891 1739
2847 1581
4267 955
3017 2263
3871 4385
2454 3892
3283 3035
1094 393
1715 2021
792 2003
4265 1906
1391 1351
2686 4400
46 224
992 1324
4410 1908
3027 1948
913 1785
2684 3173
3891 851
3472 1845
3807 4000
1363 1440
1438 1352
2387 418
4257 890
2962 2087
4268 985
3793 431
3769 3029
1249 1572
1596 1994
3952 4439
1642 936
2584 2650
3599 3998
3897 972
2902 3419
523 2395
2812 2490
896 958
1522 3753
2412 108
3581 490
504 926
1022 4278
1306 2274
2800 2896
4016 2486
2262 1293
3841 1201
879 845
1625 3062
2213 1535
366 1051
237 2565
1425 2621
1541 4584
2604 3479
605 1697
1209 4527
1761 3056
3351 2915
3289 3957
304 1419
4020 3477
1571 1002
2242 149
1093 2635
1511 1107
3817 4035
3485 3013
3200 588
3422 883
946 1025
3609 4015
1865 2252
2721 3408
4184 1180
4341 3049
144 326
873 3309
1397 614
1607 3865
3616 3909
1636 2136
3641 3543
317 291
3042 2500
1496 4045
2911 809
3156 3168
727 688
781 364
2977 1958
277 2444
3320 3648
546 65
3916 3657
649 1303
4091 3037
3281 1778
3524 1657
2638 2570
3333 1098
116 951
3261 1721
1827 1771
735 277
2868 1518
4114 518
2682 1103
1648 1327
3989 2864
1921 1014
2238 4143
3660 45
485 189
626 4654
4206 1902
2102 290
107 25
4331 264
3737 1955
340 124
3725 3431
3967 3874
449 2157
370 34
4202 1804
4391 3730
648 3624
927 3719
1445 895
3202 2743
2416 3685
2461 3618
3144 1163
3533 3336
3671 1761
2912 1038
4388 1769
3711 2155
3678 159
2321 3853
2482 2361
2157 3980
93 4659
2973 2330
1613 1409
678 3664
1262 125
2039 3559
1564 3673
3152 646
3078 98
1603 2586
1750 2294
1860 2716
3555 4653
3274 1029
76 485
510 1005
201 2068
3899 4094
1261 1646
583 2931
3912 3182
3167 4433
3484 2203
3865 2843
1290 3170
628 1839
1227 2799
1364 1920
4123 4173
1872 3202
4298 101
1028 4684
2088 3675
878 4514
1524 2040
3600 658
2676 1833
2650 4449
2249 2112
2934 661
1166 4645
1184 1999
1710 268
2585 3592
1210 2643
2726 545
1280 1417
2421 1397
3620 621
3645 4594
2758 4565
3056 3494
1608 2982
2616 3190
1077 1835
4174 2076
145 4567
1576 4249
2796 1307
746 318
4256 260
29 410
407 114
2243 440
3926 2750
3103 2257
2708 4457
3726 1363
422 2795
3492 999
2825 1339
376 1490
1892 2316
1655 3976
1255 896
1287 4558
3963 1111
1960 1129
2373 3734
2390 2738
650 4586
364 598
1208 2011
2566 1336
1394 2209
2325 3250
3100 3910
1825 1287
2154 822
854 1645
2301 3568
3404 513
3002 3709
