374 590
639 1755
337 1829
724 1628
1652 1664
1758 936
251 1495
1938 1756
1223 1605
677 1032
36 1634
1001 785
1639 1898
1178 1727
1160 17
420 1831
1929 1554
2546 1519
1530 1198
838 579
48 536
1697 1575
1285 781
2256 1108
955 1372
1360 1252
1117 1489
772 1400
1992 1215
773 2263
1571 1926
466 690
797 1193
1170 516
1050 1244
502 1242
334 2238
1381 450
409 460
1710 1902
240 721
1906 1225
1197 1173
1804 1581
1236 361
2467 2186
1666 1435
1885 1526
975 457
1059 1069
281 1877
354 1676
1541 2400
424 2232
1556 2348
2300 838
1450 1873
1351 2207
2327 2347
2135 1860
518 572
1813 2199
957 1005
34 336
1112 1880
943 429
1102 1426
1493 1698
1993 1836
434 684
536 494
1513 1888
1974 2122
1902 2045
468 387
329 1034
1081 2314
175 284
2448 2225
301 1151
775 747
1241 133
1492 344
1192 1943
1683 1373
935 1356
2087 1850
696 1001
979 2288
615 171
2496 2367
378 833
637 53
1283 656
826 740
1868 2030
1990 1423
82 381
316 2402
510 29
248 871
1249 858
1475 1833
716 1652
1354 1976
1184 2202
1796 1076
1577 1908
1417 1211
1060 606
1233 708
1765 2294
83 170
633 1054
178 162
2428 43
2293 889
645 613
1984 868
1144 328
265 1942
2527 2385
1343 924
873 126
1489 738
876 2270
459 627
375 1288
1415 910
1698 1745
1173 873
925 739
635 168
1336 1847
1500 1540
2334 1851
2081 855
1036 1309
657 1740
273 2194
916 2358
1575 1991
617 1544
1267 1574
2518 1345
1945 1941
62 253
2273 693
661 2070
964 956
154 157
1464 1876
2185 63
960 1852
2023 1711
2454 1440
1467 378
1227 232
1438 628
685 1459
2189 689
664 1184
358 1972
2500 1259
613 972
398 1444
698 2339
231 514
443 435
1905 1841
839 1785
978 923
2366 2269
1181 1595
1171 1485
607 897
1196 752
900 1029
2463 2035
1014 929
2376 2360
1967 1417
2039 474
347 581
2165 1190
968 1394
159 1530
2450 2332
122 1721
1203 4
1827 2015
2050 2139
2343 1901
2405 2308
1389 1678
930 664
643 1667
111 331
905 1535
59 821
2367 294
850 1103
1363 1209
2285 2390
1560 2154
1259 1518
958 1906
1422 120
1790 2188
2358 2300
1638 479
1419 911
220 713
1515 865
1290 2241
1841 2024
2504 1837
1073 2341
648 543
1761 1439
1936 1963
952 2247
381 1669
668 1187
1230 884
940 921
1027 1741
747 2148
1659 1123
1703 2010
2261 2171
1077 1371
28 1052
681 1287
1207 589
2529 1821
2209 2258
2170 2228
493 184
496 278
1624 2245
364 645
762 1473
1678 1002
1200 1154
2516 2382
1971 2155
1954 1311
1935 994
2339 2291
2348 2296
168 210
2315 1966
1188 122
2416 22
296 108
2191 914
1134 153
1147 2240
910 1550
700 1621
400 1087
242 37
2272 1701
868 757
1303 456
1821 1699
2036 2249
1431 134
50 537
491 769
1883 1254
132 499
1454 975
1815 2094
2212 1962
792 1326
1329 1220
1071 1166
2224 2117
814 2126
1623 1890
2355 2191
2556 2141
2558 528
1654 1213
1118 1221
800 1217
1931 1018
2308 1176
951 1779
949 605
2201 663
796 2251
588 978
1424 1389
986 748
2143 1944
1756 1996
344 440
1260 727
312 257
258 1720
1106 1377
533 295
748 226
1572 1481
1024 1219
91 103
689 1610
2193 676
1632 2318
369 743
1190 1207
1226 421
1778 953
987 955
1220 1336
2054 392
484 1458
1527 875
1627 2392
164 2338
324 545
2056 305
404 790
1728 1296
2267 1229
728 1717
1542 653
1843 987
165 2014
112 179
1653 1222
206 1612
185 1182
514 1564
2534 540
2489 2135
360 919
2206 1436
1353 1114
701 1035
1075 1300
305 1603
1194 1587
662 895
2017 1788
441 611
1176 1692
2356 683
2032 412
560 71
2393 1675
1400 1910
207 410
1844 6
1863 2375
2264 703
1566 1805
464 1358
118 1106
1876 2107
322 1759
1076 2197
143 5
1799 248
983 733
549 1381
1496 1024
1616 398
2005 1077
1880 1480
563 749
76 1094
2042 997
1471 1722
939 1194
498 2131
1368 2088
2060 483
2263 1128
386 851
2388 217
1237 1466
812 2320
304 717
1574 1928
691 419
1445 1854
1716 1157
1377 1131
1008 699
627 1144
793 872
863 1367
1030 597
1009 925
886 532
341 368
1156 360
2287 1375
2130 1642
1969 1799
361 300
1379 2020
1347 1710
1839 1072
438 1702
480 685
1287 2297
2034 1322
1658 339
1581 849
2030 2220
1610 1814
88 393
170 325
1760 1938
1522 333
683 1508
1367 1803
167 503
1392 2221
371 276
1289 1666
407 2016
2341 2292
2055 1385
0 1815
310 970
81 298
1234 772
173 422
2164 175
1910 2032
1982 1162
1108 854
523 946
2138 1011
1734 1085
1994 879
655 2089
1933 2261
2043 61
2159 1744
2064 2001
1491 657
160 959
557 582
1912 2162
389 920
1585 1767
878 881
1429 1656
2423 2313
1855 1160
2257 1864
346 193
2340 2060
2090 1522
928 1691
257 109
2461 1768
1607 455
737 1368
1497 321
2336 1357
543 1421
161 384
1488 374
924 472
1674 1889
765 841
1705 343
1451 947
2237 2138
1245 7
353 54
408 129
1573 2103
391 1280
694 1432
750 1464
1104 189
704 1082
690 619
1512 228
1896 255
247 534
1208 113
2153 2295
2364 2268
1386 862
2290 1545
866 2275
1103 753
1182 531
2353 2368
1019 509
892 1604
1218 197
79 137
894 2356
2161 288
610 188
2433 976
130 81
799 301
1032 723
1140 782
1731 2179
1263 1629
1146 1022
1358 2351
834 615
415 632
1823 439
368 312
616 520
492 565
261 1136
1976 941
731 983
1750 382
262 70
42 365
290 329
1435 1099
2412 241
1364 1531
2459 1354
1494 1293
1792 695
461 507
1420 917
1779 259
215 292
1631 105
823 481
119 1040
2070 2213
1049 767
2403 2393
183 216
2284 123
1033 1231
996 1139
287 1539
67 289
2350 1686
2322 1697
1346 1658
1325 1350
568 968
1586 840
1086 272
682 442
721 706
2373 110
1811 1431
325 1602
181 250
1457 167
1991 1461
1691 2301
1276 2004
710 1335
1138 2027
2382 2377
2252 819
1787 2047
1274 1305
1593 282
2253 2364
1609 466
453 1143
948 886
511 2125
558 178
988 1997
2133 2406
370 400
85 648
658 2187
190 434
366 1780
199 1516
519 878
504 649
318 251
2389 2218
1830 1312
1157 1349
2483 836
2352 2042
84 869
2123 977
890 903
31 451
2401 2380
2218 1181
1744 1950
157 2195
1757 2189
1248 1307
652 905
1180 1075
2312 1264
2525 2190
1335 125
914 1958
1428 2029
1708 1465
2274 599
923 1826
595 362
1186 1557
2484 1585
394 359
433 682
1832 1733
1124 2254
41 746
235 1709
1857 1606
1153 2175
1137 1503
1547 1914
131 2205
879 354
1481 2151
2128 962
534 1615
2440 1121
1090 1334
227 1331
189 1593
1099 1316
1337 1801
1706 655
1370 414
66 515
1549 2359
200 1272
608 1008
1162 1442
449 119
1640 1572
345 191
1956 2342
138 379
2071 1081
2282 2388
1887 69
442 612
1950 1043
1432 1777
1798 1712
2271 842
1704 1707
1119 1633
1626 174
577 2037
997 1482
788 899
1570 1547
1109 74
736 882
63 254
1397 1713
2417 801
2227 75
1472 811
100 1589
2112 498
1506 974
1115 267
1142 1507
184 1241
117 340
1721 758
2422 1761
1884 2118
460 424
2385 1450
2374 2083
1676 880
2174 1915
1780 802
1958 1614
620 44
1735 478
2073 2204
1622 1818
455 1396
94 311
1957 1478
2184 829
1746 954
758 728
425 477
2192 1822
618 363
2265 705
593 984
1980 626
537 1881
2351 1224
24 2019
835 1794
1485 283
1299 1281
128 698
2557 1797
488 2217
1816 848
1510 2274
1231 2104
1270 48
58 249
2196 2361
1822 1429
1794 296
10 1665
1447 718
1995 2317
2100 2185
2029 1917
139 395
490 380
2452 817
1927 2093
1890 1824
2067 2034
268 1532
1892 11
673 1038
1361 1285
1648 787
650 669
1553 1736
1749 2013
1886 2065
2124 186
1603 39
2553 1866
2360 1534
1536 403
1114 1395
1382 1488
2147 675
1533 688
739 348
2248 2315
1295 1582
2415 1239
1700 700
2434 2121
836 2365
211 452
604 86
2536 1635
335 0
1983 601
525 101
90 1521
2354 1940
605 150
2533 643
1895 2336
2349 691
1788 2050
2515 681
1123 2252
1495 1586
12 1172
2232 1091
2530 2407
2306 268
583 824
263 49
256 1009
663 1449
26 2143
1040 391
2457 1863
581 1648
309 1825
1601 1853
1376 1407
2046 1513
2238 2306
20 796
193 791
599 385
906 2316
1802 1816
2524 319
2061 1369
1564 8
1456 1647
396 203
919 729
1286 243
293 107
1349 1613
703 1998
93 620
1909 1179
1087 732
321 1070
1058 20
1440 1169
1608 1113
573 702
506 261
844 1266
1820 2237
1384 1916
2485 202
603 2405
1217 1600
1755 1097
2299 2231
2541 2012
64 56
1065 927
974 621
1122 1455
2022 2090
317 1493
2313 65
1514 1802
279 91
2512 2075
2229 1993
2309 2072
565 1286
2094 386
861 1267
427 1800
640 2257
851 2349
1656 1879
1789 2210
860 1265
1204 1301
913 940
176 269
1320 1318
2319 944
43 40
972 14
89 394
1688 1028
2241 560
1856 2084
2149 1057
579 1617
103 320
246 25
419 281
821 2272
2425 2321
1278 1101
1781 1748
447 633
730 1063
307 2025
1369 488
920 735
1808 235
808 629
1254 937
1448 1261
1097 444
1881 1412
1268 1474
52 1427
1378 1977
824 800
1478 117
1045 866
1107 773
688 1023
1508 2304
1279 1555
1383 1693
1665 463
2131 548
1979 1000
1265 448
520 401
2302 2224
801 1959
727 1845
1592 1773
586 76
497 593
1988 1152
1271 2246
729 995
909 180
1922 1340
1563 1904
2310 2266
1673 128
1723 1387
2166 2
327 930
2197 2404
1629 139
1202 1646
1523 1739
1861 999
712 1681
509 2330
780 2051
2157 1107
474 467
1770 564
129 33
994 1541
2449 84
2062 1622
550 377
2057 504
647 1232
735 2214
1642 1655
2037 1599
779 1017
945 1086
2102 1653
1911 1955
1414 1404
667 127
127 988
2545 2398
153 408
151 299
2278 1775
771 2006
815 1566
2346 337
947 1195
2109 662
224 1083
1837 280
1819 1180
1442 313
1782 273
611 2153
1296 2229
197 1379
1675 1159
332 933
2549 2066
2063 580
733 417
477 1129
315 1703
697 2108
2245 2068
846 1202
1777 1641
2538 2036
503 522
1390 52
1874 2106
1437 908
1878 1598
1426 332
720 1117
626 1472
1101 1292
1722 789
630 486
1321 1116
445 618
852 1752
166 1804
1835 1948
726 1567
141 1403
1964 1080
2033 1975
2540 651
1677 1730
342 144
2375 2079
2443 2243
303 2120
1038 55
1468 1060
1889 1671
2528 1380
1528 2164
654 616
1365 1911
299 2319
2552 896
1301 980
1791 1735
1714 447
2396 828
2019 233
469 388
1554 1253
1084 835
277 1021
672 1705
2065 1874
1154 1538
2027 680
2519 1525
806 506
1083 614
288 1084
2526 1283
980 224
717 2130
893 1329
1840 1769
77 1670
718 761
110 777
125 338
820 1912
146 763
379 1885
239 1434
2003 1786
1391 1751
959 1487
791 797
2499 887
2561 2058
1944 770
2183 902
109 2159
1477 1834
1707 1568
2154 1764
1550 136
1406 670
223 23
2419 883
2078 1995
2469 1680
1919 2206
1589 1210
2480 2174
392 1013
2431 1282
1859 1715
2359 252
123 672
187 1662
426 1216
1701 1687
1214 2381
2559 1414
2521 1319
2103 574
857 1263
253 1056
2386 551
1882 2408
2013 1790
1947 1468
1711 1441
2344 2110
707 1511
1753 2105
722 1668
1862 1274
763 1623
912 948
1189 1694
188 1504
2012 2040
1412 306
1310 2276
1113 1973
1754 1951
1262 1551
1175 1471
1900 567
970 351
422 285
1484 1392
1012 926
114 335
373 587
745 1111
539 326
1221 960
228 1364
1923 111
1776 104
927 1045
1664 1079
832 1260
963 404
2279 1728
1061 563
1888 482
2199 2253
444 1986
1595 24
1206 1351
145 458
357 890
1013 2008
1225 1651
458 794
555 508
355 149
1282 1499
1062 222
858 196
1288 1561
1531 818
1518 2286
1932 1546
1689 2149
1141 1505
2225 2193
2105 1278
587 151
446 34
1362 1795
2551 1512
538 762
2139 418
395 1359
120 470
2008 286
982 979
250 1875
2119 1967
1210 555
2145 2128
163 2259
1600 2277
1452 1590
1519 912
44 1308
1727 2196
1169 1807
1918 677
1810 562
1304 1645
831 13
1042 204
1903 2283
751 352
708 826
1436 665
274 82
2286 1737
674 1398
142 449
2242 1830
194 437
115 1529
2234 1742
365 2018
2320 2327
2142 527
2441 2137
174 423
678 660
1423 1147
932 1446
2301 245
1047 1483
1877 603
2082 809
2296 1638
221 469
1052 1245
2426 864
1766 1366
2294 1197
993 2374
1973 2098
2427 1025
1458 1298
402 2026
1747 1275
380 1273
1427 1174
2338 2140
39 1858
471 661
286 98
937 1987
897 1027
2365 1370
1460 1796
32 755
1139 943
1959 1059
1053 853
950 2366
1539 2129
2235 1886
245 230
2115 1314
600 617
1323 1321
1395 1208
418 148
214 1315
7 124
1048 1135
870 1476
1167 1324
1713 1884
1916 2099
1619 1988
625 366
1871 1887
1465 876
35 1100
2068 901
61 2043
1095 1415
1074 1299
656 668
1111 1838
1606 1839
2211 2260
1860 1560
1327 898
990 237
1091 2378
40 1269
757 438
1216 1317
69 1048
1302 591
1517 1774
1828 1523
116 1218
2169 2227
2410 2383
2532 2386
1453 1778
209 1743
108 1738
1345 1682
476 1104
1121 1469
205 831
967 1148
1634 1055
809 907
1388 2396
2542 2161
1082 1456
1116 1402
1145 1409
470 870
229 141
2447 1933
2236 220
2465 2346
1805 1433
1232 2340
182 38
313 258
1433 1015
1587 1770
1529 1895
101 58
714 1806
1729 1945
981 553
1094 2059
1315 1112
1662 342
1978 2157
275 85
1939 1092
302 3
1026 1249
1110 177
574 720
2069 2239
1546 12
249 2053
589 430
2010 1812
2464 1947
2397 1019
226 475
2328 832
513 799
2477 1323
359 62
225 518
542 247
1795 1934
336 556
1943 1007
1479 1964
998 2111
1850 1338
1504 1393
877 1899
1357 1631
1398 1150
448 415
171 780
2363 2091
2217 2061
590 1132
1308 2353
244 867
1264 1342
1284 2052
1540 1451
2323 704
833 1361
564 194
1085 1330
1907 1714
2198 2146
1764 2002
545 1186
2406 2305
385 2279
962 519
1612 1859
393 731
777 464
2116 583
201 2160
2554 877
854 847
1917 262
57 244
1046 1527
505 2376
559 816
2016 804
2276 1199
1833 1817
2151 1277
218 1306
1466 1832
1671 264
2409 1980
2266 1960
2009 918
2104 1650
644 932
499 714
1136 2009
2335 2401
260 1223
2095 659
1831 1399
2548 2124
1538 1644
1641 1501
1628 2354
147 638
1079 990
2221 1509
46 1935
2132 1376
1093 428
2186 471
2187 2173
2083 2156
1063 1109
2411 1952
2550 2335
829 916
1205 2371
1630 239
1251 1760
2476 2350
1266 94
149 969
1418 459
8 47
602 213
2086 2100
2368 1591
1235 1719
134 2334
2250 345
1834 998
2502 2394
212 453
786 517
1712 891
1199 1990
289 1
1732 1161
699 586
2435 2298
790 219
23 1619
2254 825
15 1520
500 715
450 609
2371 1360
87 2055
314 538
1380 1438
213 906
479 1133
822 1141
1 140
5 1562
272 513
544 497
2275 1192
1806 275
567 967
554 1578
1599 1467
1340 1041
917 725
527 2048
2395 961
976 1413
107 164
1404 1428
746 1660
137 1074
254 1870
1402 1158
2163 991
1258 1463
2326 2403
390 1992
740 2323
666 1470
75 623
810 1896
113 334
1870 2033
566 786
580 722
612 576
423 1640
2503 945
1149 1203
1229 1337
1576 1115
2347 771
1934 2109
1650 893
1772 1066
2418 1490
2304 2324
1775 2329
72 1791
1501 2255
553 1430
2402 106
1066 41
1867 624
819 922
388 1230
864 1251
2311 1583
1797 370
891 1411
280 1270
156 1201
2045 330
397 2219
1692 1956
591 1064
1425 36
1068 1256
530 526
2239 89
1255 1689
1636 1846
2332 1500
1643 1844
208 169
783 1033
2369 1204
1951 2054
1474 1163
283 1044
440 608
1017 2136
1849 1068
2543 707
1681 1731
237 856
1326 1657
431 147
1537 742
1717 1406
907 1857
2020 1776
1925 857
1694 1957
196 231
68 160
2481 1424
1455 1365
2111 641
56 1528
17 236
1579 1909
529 1234
961 1891
830 1284
840 1105
1940 834
1702 985
619 2152
1680 1347
1924 406
1557 341
1684 2280
495 571
795 1936
1016 2134
362 205
764 561
1201 302
2121 2101
2182 949
1670 1237
2180 2023
1942 765
1480 2282
74 215
1198 1250
269 1968
1814 1570
884 2362
760 2097
2120 2212
2106 1999
1055 635
494 570
140 2278
1044 402
2099 2184
1150 1178
1847 1475
417 279
2001 1840
298 490
1273 2011
2453 573
804 658
73 346
1313 491
2150 1718
1851 142
776 1362
4 318
2429 1734
18 2234
741 304
1133 214
106 190
2052 1981
818 1789
1743 1510
651 1549
25 552
1569 46
1330 1611
508 1946
1356 1226
276 88
1020 2049
2251 839
1875 1626
1825 372
2092 1185
1611 2080
1222 1243
1011 2163
670 1930
406 844
1499 1746
551 441
1594 1848
2460 1031
1307 433
1960 83
1130 1492
671 274
1132 1051
1544 1924
2243 2391
1651 1262
1224 2145
2473 859
789 1517
326 547
1035 462
1602 1813
899 965
2262 1970
1410 2262
1054 505
1591 1772
136 719
2006 166
162 426
1486 952
271 512
349 1913
1774 454
2025 2115
2378 709
102 317
356 60
363 1592
1243 1062
1773 2223
865 358
1998 2399
292 2311
2222 2265
80 297
2466 1808
217 501
761 1384
2074 1188
1644 1763
1955 1339
1135 1502
343 185
97 315
339 751
853 1883
2110 183
2126 1437
473 764
1126 1037
1767 93
2084 1683
811 287
2220 1724
2445 390
1699 1961
144 710
1247 1122
2501 2209
2148 100
578 2271
1583 542
1977 2208
1899 1571
2407 277
1306 631
2462 1386
705 303
922 1167
695 1168
2298 1089
121 1078
204 1723
2035 798
1393 900
2283 209
54 1363
14 630
2129 2170
532 161
219 774
742 511
679 904
941 814
210 1004
452 622
572 2192
2432 2372
1532 407
1172 373
1986 1390
1548 1811
847 2244
2137 1923
1625 1872
895 327
1928 1332
1098 686
1396 1849
482 1925
752 1620
1143 432
243 625
233 92
51 199
1739 1126
1342 112
2114 724
596 578
22 308
1298 1654
1269 1134
2507 2096
759 788
1250 861
1212 409
2391 1920
1771 468
862 2200
649 16
902 736
1240 206
1305 118
2421 2166
1292 1401
1898 492
2233 10
278 90
1403 1142
875 1279
2259 2235
1809 163
767 1576
1028 2322
1926 1979
1679 2095
203 445
2048 493
2058 1536
816 45
628 476
660 427
2451 2071
1069 2085
259 523
222 27
901 783
451 1118
1148 1542
1543 2041
641 1865
38 143
711 443
1021 1783
1319 1065
1174 1637
1469 489
1745 115
2318 270
575 1750
882 77
582 2273
71 18
1558 2325
1524 2198
1511 2397
991 2142
49 1170
1344 1352
2014 1953
1561 225
1672 1672
135 176
255 1047
638 1419
856 1146
2380 57
2372 2017
2031 2113
2204 1014
456 2063
1215 1994
2 182
2000 524
1873 1782
2079 2077
2297 2181
489 592
2508 711
1534 1922
1588 221
2400 673
522 1382
462 2167
2509 852
1521 1397
377 594
352 1443
1177 146
1559 696
2437 1454
601 1823
1730 211
1963 1868
1800 750
531 958
669 1189
977 371
1913 2176
9 271
2047 1295
837 928
744 1918
1324 461
1309 2284
486 697
465 1233
435 778
1191 596
512 1303
2230 1524
2471 1965
2049 1828
2321 2328
1317 413
576 1137
2190 803
2024 2178
973 50
430 674
45 383
1660 436
782 846
807 822
1621 1310
1858 607
152 992
634 1257
547 843
2097 1607
2535 2387
646 375
416 544
768 59
1869 425
234 535
1526 2250
1985 1679
1239 1565
1078 2147
413 32
282 96
2028 234
2247 1835
150 1155
1120 539
1865 1919
1023 138
1441 2062
1846 1498
1817 1618
528 931
921 1165
172 1418
1937 694
1213 2233
1657 2369
2059 2352
437 1661
3 201
1434 1903
330 266
124 420
2202 812
439 1659
16 2395
1089 1584
1430 1569
485 807
516 981
55 242
295 1046
1333 1328
1155 1374
1025 938
686 1460
926 1247
483 779
908 830
1751 1793
1318 502
1783 2028
1614 1855
1826 1071
1590 712
177 496
1949 1304
2513 2344
1281 1558
880 1422
592 1639
992 2256
65 158
2038 575
384 1227
1253 2031
1551 913
155 26
874 1036
1331 2158
1682 30
1838 2201
1962 2203
2490 223
2314 2303
1582 1765
169 1579
825 347
702 291
1893 2044
706 2215
2398 1003
1064 1026
828 2007
2260 2236
569 1457
1056 316
946 2057
13 533
887 1897
367 584
1941 795
180 51
2361 130
1742 1892
501 181
1999 2357
95 314
2392 2248
2424 2230
556 810
896 1559
561 208
2214 218
1018 754
570 19
1596 1514
2018 989
2270 1594
653 1289
1470 1781
1696 1145
1520 1447
2249 1843
1439 726
889 554
738 1378
1613 1553
881 888
1970 1175
2414 238
2160 87
2140 1862
1655 1110
1352 1630
827 1255
965 971
410 80
715 2081
1164 963
1334 569
1409 2127
238 1039
693 1878
1752 845
1209 114
2205 1405
507 485
1163 227
148 416
1125 1580
1179 546
2118 2370
2317 2307
883 892
911 28
614 356
597 1248
428 376
548 993
1715 915
2493 558
1812 1294
2280 2264
1482 2082
1968 1688
676 229
1070 1164
487 1153
2491 1096
867 775
27 135
609 759
2560 1098
1818 1119
562 1020
2292 500
2066 1058
848 827
898 776
1446 246
2487 525
2494 577
2223 1684
778 909
2324 2285
1034 549
1567 1496
1741 1867
1695 1410
552 559
954 2022
1459 72
2125 293
813 1302
1687 1616
2357 1408
1372 737
2258 692
541 495
1022 1708
1348 885
232 610
158 1448
888 1479
1580 1894
387 973
1096 1704
2002 1625
195 815
989 585
675 1486
944 639
2244 2144
2076 1674
1920 353
2044 521
584 598
2141 2132
1645 1861
2444 678
98 192
535 1819
871 367
1005 2076
1029 1228
202 173
1829 1416
1748 480
1897 1753
454 411
481 212
1786 1125
1989 1969
350 42
2305 1974
412 741
2394 1690
1966 1016
2093 957
1598 1452
1996 634
78 557
1952 986
1129 1012
457 165
1724 874
2408 309
1618 636
1037 760
2342 1601
1187 595
1359 2183
2167 31
308 116
2456 1093
70 15
2522 155
2208 1124
216 78
2200 1871
284 1240
236 21
2455 1030
571 2005
903 529
1921 1552
1461 1989
1487 1954
2171 1006
2547 1010
2195 1238
2175 102
1502 1348
1316 2116
1784 1333
1010 808
429 1978
785 79
1257 1929
984 1983
1894 389
1853 64
1003 1462
1088 1313
1152 1533
2108 2363
1961 600
47 290
323 588
133 1191
2295 2165
784 951
376 1632
2303 1762
1904 2281
2075 1268
805 1754
401 1053
769 1577
849 1102
2506 67
632 2379
540 2309
956 1177
2136 396
1615 1049
1604 2289
1762 399
734 1149
1067 159
1568 1939
755 1494
1647 322
798 813
2144 369
1667 2331
1836 1900
1006 1663
1584 1766
665 1050
2439 1196
99 2333
1685 744
463 187
2486 152
19 240
264 73
1635 2293
241 863
1168 1325
1041 2114
781 530
803 2326
2329 642
1211 654
1449 1548
230 357
753 1156
1555 766
869 1271
1127 734
1314 487
524 950
1803 2000
