3942 2690
2506 1838
4591 313
1128 76
4280 4118
770 4100
3463 1549
771 567
3247 765
2706 3643
3296 587
2577 4018
4130 3453
3637 436
2434 2585
499 4304
2070 1126
154 3085
4526 4310
2099 977
424 1201
2377 1829
2966 2541
2592 485
3524 738
3884 1709
2335 3329
1449 884
1034 2878
3121 1531
3326 295
939 4259
3744 1616
2013 1919
4159 2871
2067 2686
3269 1963
69 3484
2811 3697
3120 1462
2663 2253
2120 235
3215 346
1 115
1555 2482
663 623
3368 3583
4285 2093
3812 3816
3587 589
4194 3757
481 880
1872 1497
4466 3477
1172 2933
284 1733
1818 1340
1683 3959
1148 3854
2248 3613
3702 976
2815 1806
4236 3730
2499 1093
2603 3006
2451 324
692 657
20 3648
3862 4209
651 3039
2399 3045
2224 1473
2030 3080
3304 2351
2127 4195
2505 365
2525 4321
2809 1707
1704 3692
3122 585
4276 885
3222 3251
2338 3535
4417 2386
3552 3849
1939 4035
2496 1405
4390 3102
1558 3268
3502 681
1083 618
2275 3255
1012 1328
1877 3647
2545 3721
3657 831
3748 2936
3254 505
1598 2977
2850 3197
2943 3622
2953 578
30 2423
594 1113
4023 148
2859 410
4351 693
2464 420
3608 2803
58 3771
86 3746
3904 1075
1162 3795
4425 4016
3998 1449
2698 1446
4177 4373
4567 225
3621 2070
4237 888
4443 65
4505 195
3002 2957
1979 3419
1433 3262
2148 3140
4098 3658
3806 2716
4184 1289
166 791
392 2875
4381 3317
1079 338
18 2254
4107 3670
3785 2825
2739 1593
3663 3144
3551 2723
1463 3410
2667 1520
4102 3020
231 2237
3140 2129
4106 1739
4329 1469
4349 3805
1264 1629
1271 2581
4517 252
3556 1659
3680 2964
3839 1384
498 636
3320 1424
3049 2115
880 219
2308 1035
1949 4161
972 2105
1635 2186
1419 3760
2002 700
2435 3606
2019 2799
2687 1571
1255 4334
1344 4062
4117 2056
3020 2286
4202 4022
1017 1402
171 3820
135 2627
3038 579
4129 1438
1233 2765
2532 3271
1090 4137
3605 3983
2757 3023
3274 2827
3138 2880
1446 1445
964 4151
3687 3695
367 3577
899 2467
1024 3807
1154 3433
4529 2621
2778 688
3299 2554
4121 1922
2441 619
598 3650
3858 3921
1803 2602
1899 990
3399 541
2963 209
3981 2881
1551 779
3749 3209
2906 2924
2709 94
1996 3883
3323 3117
915 1905
1116 543
2498 2428
3894 4346
4238 1114
1719 1368
2495 950
4412 3234
2754 3297
2578 3941
2470 4359
4347 414
204 1062
4569 2837
3268 3868
513 4172
2940 4347
2996 809
2843 344
1771 4003
1445 1422
4161 909
836 2689
2448 4160
4592 3416
3864 2398
1401 145
3113 2644
4577 1662
355 4034
4436 4080
3370 778
1662 2844
4017 3561
476 478
3481 1608
1237 3960
51 2874
1972 624
3617 1673
1965 4025
1849 3358
3515 1044
2212 1789
220 965
1312 3135
2135 3185
1626 3949
3756 805
2679 3024
3271 1355
2734 3532
1947 307
3743 1003
931 2596
1081 1157
2544 2520
3025 807
2432 1533
886 1823
449 56
1127 3196
1751 3127
3821 1579
226 4126
4261 2921
1187 1695
4229 2146
1357 3605
4413 826
429 203
163 2775
4564 766
2806 2546
631 1825
3689 1535
4493 2117
124 3885
2644 158
1779 2617
1004 1012
1506 3259
4204 1988
2582 3074
197 1870
3579 212
4277 3162
1356 4023
2345 3235
3115 3623
2566 15
403 3113
4391 3243
3593 2750
1862 3491
3698 3388
556 1678
4548 1998
2090 3765
1474 1795
2194 996
4440 3493
1721 3937
2465 3534
4231 4354
1070 2619
4375 859
3762 2024
762 2224
41 576
3650 3375
1216 789
2055 1815
1804 3955
2958 3205
4151 4384
1160 1011
4066 1460
505 4342
1228 963
3712 934
4453 4175
225 2915
3104 2941
1080 4351
4186 1431
3290 3838
3820 2948
2998 2574
264 4072
1211 3283
962 4261
2877 2759
769 449
2001 3971
4371 571
2493 573
533 3727
949 2430
3939 966
2796 1313
2942 549
1933 2642
1099 2524
1794 818
3474 3216
1823 2096
564 2532
562 236
3900 3241
851 3620
3876 2710
3224 3260
3531 786
1560 2262
2774 736
2878 4135
3372 795
1572 1256
3935 1939
3941 3245
1578 4048
2588 915
3816 3880
3331 1749
1124 1557
3371 1603
2207 743
4481 3001
4355 2734
2180 2394
1660 199
3929 1106
1663 3319
4361 4307
1059 575
3388 2912
3815 88
2045 4214
593 4264
1332 2155
467 1464
2538 1851
3310 3408
3129 2083
1614 3355
3490 1597
3341 1604
1144 599
954 1688
3016 3792
1224 2399
4521 673
2876 3031
1120 2239
1261 1074
77 2479
4407 3233
2902 2956
332 4192
2324 1619
1613 1296
1373 312
344 2243
728 1161
2702 906
4131 4288
576 2665
900 3581
1905 2536
488 808
2197 3724
2752 4234
2088 1040
4337 3988
1673 2065
4134 2990
2871 4068
2025 1759
1688 29
1706 3560
317 4198
1658 2694
2970 3498
1516 3058
2873 3165
3581 2168
2708 2996
2244 716
3648 243
3424 105
1096 2324
3508 1711
3867 558
3153 3454
714 3668
2579 1794
3201 677
3157 1938
797 2967
4601 3288
570 1282
2548 3681
3776 2255
2236 256
3885 1297
81 669
2443 45
3462 3665
2773 3639
3029 111
3262 3833
2051 309
638 4084
4109 1993
4367 2230
4046 3296
3258 1882
3533 1186
3723 2475
263 2165
895 476
2257 3017
2560 3999
3053 2663
572 1275
2612 1973
2989 2960
3250 4385
136 4157
566 3690
3032 945
109 2296
1775 1537
222 1602
1774 189
4205 4226
2423 531
3506 3796
1501 1734
1556 3025
3443 1536
1670 559
1202 4074
159 3947
2826 2591
4249 2345
3614 705
1326 2112
2727 2757
3383 4026
2717 1178
2211 2980
3861 3590
74 182
2398 4349
3967 3904
1325 1668
68 85
259 4116
3940 3671
3101 771
4254 1633
2849 2730
1232 2104
349 1802
2715 2355
4085 2279
2759 3236
1976 3652
3004 4000
1450 2589
3915 132
1576 48
2869 1352
4426 908
2400 4242
1671 4306
2472 1655
123 4179
2741 749
3026 3716
3325 4081
4057 3157
2994 4253
1057 3352
2692 1502
3483 2935
413 1902
2158 1683
1110 2925
1272 836
410 957
1015 3229
3833 1137
3387 3967
3239 2755
3429 2709
2756 4316
4088 2751
2656 1782
1546 2598
749 151
4263 712
2362 2058
3975 1380
3072 2577
4297 1196
298 4388
2387 281
3275 3455
115 4270
4282 2297
2061 2633
3495 3930
4602 751
1320 1287
2848 2503
2480 1463
218 1228
4414 1037
905 1271
160 2989
3574 4255
2332 3467
1243 735
3292 2608
3210 1971
270 1324
3671 210
684 3204
3713 1125
3485 640
1528 1180
637 1747
2785 2190
2792 1977
2333 3067
2801 2235
3195 659
1339 2427
511 3122
4442 4277
3162 803
1831 2269
2665 3957
2310 1771
2455 3943
4116 3809
2071 2474
4226 2452
1489 895
1793 2637
863 3953
3154 1358
711 3369
3623 3036
3491 4379
282 46
1907 3881
3742 426
3986 2507
398 4148
1737 3300
2733 2575
4507 4230
293 3902
3395 3490
750 516
578 3008
3447 2256
2259 4128
40 64
3458 1714
525 2025
1082 1206
3724 273
3692 3191
2034 1706
3763 1844
3097 3969
2523 2671
3031 2042
303 1621
2380 167
1515 4141
2471 912
2038 2749
3732 3976
3281 604
3448 3865
288 2187
3466 942
1208 3474
2449 2002
950 2897
53 4013
3091 4203
3366 1088
2059 711
4262 3519
913 1732
3843 2659
1476 2152
2515 2860
3482 200
2431 22
3442 1920
1792 2504
1089 21
3563 3002
4281 2226
4218 2436
3214 77
3360 2746
4162 4231
610 315
990 4207
3024 2273
1274 367
2406 1756
1324 3674
2124 1831
76 1507
1893 3731
3903 168
776 3155
1758 1066
339 2353
3313 3580
2397 979
1491 297
3532 66
1743 411
93 1755
2969 1545
3164 3174
940 2645
2838 2579
968 4286
3564 2654
1562 692
3719 2259
1866 1792
1113 1314
428 4322
919 3609
2223 1265
1304 1210
3775 1821
4491 3761
2624 596
2742 4043
2015 2758
2615 3336
3006 645
3149 3145
4118 4235
2673 1155
4456 2019
3700 4220
223 3381
1392 1360
2960 303
1991 582
1435 2060
4403 1052
6 763
1270 388
3977 1940
4093 725
3397 1457
3419 2696
2572 3862
3857 4382
1896 1933
4145 3214
1582 458
2640 4181
2512 1394
1764 3062
2899 1223
1297 1648
1434 2118
3922 4171
3407 68
3638 3685
3925 4149
1903 843
485 3797
409 3368
461 3812
3069 742
1075 3631
4474 1022
3598 3830
3731 139
3836 2053
3543 231
3374 1611
2927 1751
3794 1203
3163 4204
228 3728
1855 4184
2159 658
460 3824
2982 4329
1300 550
1780 4271
387 4218
3232 835
2221 287
4387 3286
793 3462
4389 812
4291 3632
4338 2178
466 984
2152 2547
2063 3032
95 274
4339 1111
2875 2509
1915 3158
2104 2747
2680 2527
2242 3470
4179 455
1797 616
2561 2601
2716 1124
2064 2471
1914 1997
523 3101
2476 1568
3451 3081
2921 2951
734 1434
479 4387
957 1911
1830 3619
963 4099
881 2473
2049 1946
4574 1952
885 2816
3603 3676
3131 2963
3062 2721
724 1521
2949 1185
2808 703
369 1999
3826 3055
901 3556
3206 2788
3721 2036
696 2400
3651 4086
4108 2725
3309 3851
1984 1416
3378 3689
796 506
925 3227
3918 4015
4137 4032
287 3430
290 3900
609 1800
3706 3936
1218 1499
2713 4283
586 647
2510 3149
1784 2534
2595 3989
3529 1868
3808 933
4419 2358
1749 166
3127 1589
3573 3136
350 496
404 3602
1559 3673
431 3700
2113 3588
1285 2055
10 2362
4370 3460
2355 2149
3686 1319
2255 987
4047 3551
3434 2132
1634 9
571 721
1747 3004
3618 1970
4360 4348
2035 1546
3288 1746
1625 3769
853 3095
50 4200
2450 178
2890 2461
2999 4345
4115 1169
3128 663
4306 4372
4037 1252
2794 3626
2965 2401
2836 2673
3066 3383
4279 939
1728 887
1046 4060
2265 2786
3446 4298
1389 4362
3234 2909
3433 3678
3951 2932
3005 512
2181 611
4128 4260
1529 2811
534 1154
4250 1873
553 4058
2360 130
2830 1570
3158 905
4348 3448
1189 3293
3970 3497
2483 2785
98 3819
116 911
1925 1833
877 104
4127 4224
3349 3899
1447 131
3477 2090
4541 527
3993 4208
1402 1387
1557 301
3761 2729
3622 3207
2861 3762
3475 2134
4153 3558
2819 1534
977 3037
261 848
3051 2385
871 2863
2117 372
2165 953
2528 112
1258 3840
1234 1609
3683 2325
2726 3688
1796 3946
3735 755
4 4199
294 3429
4132 3324
1350 1785
3688 972
3353 3898
2231 54
3208 3092
2763 4188
4234 1712
4182 2449
1922 2896
825 366
3596 2489
4069 2833
2618 2697
347 3521
607 1781
2975 429
2320 2088
3583 3699
2738 1865
3470 2393
1037 2008
87 4011
1690 3940
1053 2518
2957 2715
712 4021
4431 1699
855 2701
1330 4265
2500 1686
3789 1454
1754 962
1674 2899
3914 30
3656 374
4369 4150
3242 3014
1186 1146
4038 3611
1861 3803
798 1054
3373 418
3594 2463
2185 2525
3229 2106
3591 2930
1170 3183
4585 3867
3177 146
4084 3071
1917 3394
2140 3635
690 4281
3847 853
4537 4007
4227 1294
3984 3711
1221 1017
3959 2997
3582 446
3272 1317
365 4104
1482 184
1848 1569
3339 3478
1002 3397
1580 265
4472 2003
3225 3295
1387 47
1273 3847
79 1819
2822 1941
3909 2600
38 3027
2407 2922
994 3509
451 3547
57 423
3907 2907
1530 3585
3105 3786
276 2754
2081 1166
794 3914
364 2332
1838 1429
1403 899
4067 2805
809 406
679 2333
3361 513
3314 387
716 1273
1883 398
4500 2545
1397 1968
2920 691
2237 3198
4141 259
2926 1149
1748 563
3074 2044
790 2840
4554 3961
1051 1143
3132 363
4429 857
44 3827
1229 1227
3953 2866
2361 1363
2997 2222
1531 2984
2268 1853
4168 3654
936 4063
1736 393
3829 3473
2952 1612
3874 2472
493 4355
36 1660
1052 3203
1935 4287
1165 3126
2083 3078
3338 1211
4532 2271
306 4076
52 4066
1762 1490
1279 1393
677 1207
2186 3409
1563 2892
3568 2622
1212 3123
2625 3935
338 3137
2168 197
3948 3016
2378 2555
2585 2782
4272 1620
3659 152
2912 3571
395 3980
2818 811
1140 1583
4420 4142
458 3104
1832 1855
3076 1858
133 1347
4155 389
1836 2610
3996 161
3733 1058
3642 1698
2368 4168
3814 4291
4376 574
4012 4009
33 969
2543 4251
3699 2290
3910 3180
4042 4280
3544 2970
3934 3708
2919 417
2080 2356
411 3785
4516 4371
3717 320
4356 4193
2802 1598
360 2216
1266 4054
2073 1696
2384 1342
2805 2175
3707 1103
2922 1335
4009 2014
1039 355
3685 2208
1941 27
2020 949
2351 829
2599 913
1003 3802
4081 3789
2986 1816
4498 828
984 4012
833 4147
2827 2492
4258 1369
1694 3111
1194 1797
1101 3530
817 276
1791 3810
3550 1071
2519 3501
1396 1097
557 793
3901 1028
4018 598
362 889
2623 1063
2069 1257
1109 2717
3459 3344
2915 2465
3181 1472
4518 3628
3071 3554
1607 3079
2156 2171
1504 3811
1328 201
3267 1961
4154 525
530 1955
422 4183
1960 929
3431 620
1248 3413
4010 1763
1773 2476
1369 3550
4455 2519
3672 2100
799 961
4101 3226
1875 1517
3098 2281
1191 2215
494 394
3799 2414
1311 207
3273 4071
3022 1023
4327 1987
1313 2303
304 3049
1453 1925
3064 2595
2699 3160
4545 2357
3831 3791
2664 3800
137 3442
2865 3403
2995 3480
3412 2835
1487 903
4029 4083
4519 1874
1484 310
846 3759
1267 408
3877 3669
1782 3918
3889 2678
1018 2337
4005 1057
3560 3576
2331 2469
1219 666
1133 3424
660 3799
3357 140
4185 2995
4540 3618
315 4216
468 3220
4301 2114
3096 3712
3990 382
4393 792
1143 654
4138 489
688 2220
2766 2462
1882 3598
3200 2981
3359 3828
3649 1415
2894 1492
751 3513
3401 1141
3336 3511
1050 4019
1686 3223
2286 2560
3611 4243
2494 1069
4385 2176
2021 4014
1085 3774
1005 3702
579 916
2489 777
3968 391
3075 1877
3802 477
782 3348
4373 3855
3315 2658
4598 487
320 79
574 4290
1685 2740
329 202
4265 242
4345 3596
90 4079
1742 1249
3108 2605
4597 4136
4209 1842
3610 3624
2602 943
501 2607
2795 3517
1412 4256
2670 2027
469 3954
3944 4133
405 1414
3393 898
2032 2841
3405 3798
2860 970
810 3906
1391 4177
2839 1020
1532 917
1509 1983
1850 2138
3377 827
3276 3021
551 3893
1139 1601
3337 796
3950 3964
3892 3891
1429 2606
850 3390
3085 2481
4225 2211
1631 24
4353 981
2760 2348
4215 694
2833 3826
3130 1731
3080 3787
3169 3217
1340 2244
1539 1515
4036 2870
1394 1205
839 2087
3168 4225
138 3778
1540 2379
1408 4340
2601 941
2546 1646
385 415
3230 4077
4222 3725
2502 4364
730 1556
2580 1494
2306 3522
1088 3356
3792 4344
3245 2549
1370 896
4576 1303
527 708
614 767
1111 1084
4511 149
4434 3406
1622 3417
2006 872
2937 3793
1011 187
3255 651
1544 3202
3905 1310
754 255
1443 2586
1477 3446
674 2453
200 2566
2145 3876
3994 955
126 3531
2232 3831
645 646
139 3346
2817 2023
624 3437
268 3210
4334 1246
2241 517
4284 1417
2946 2794
2440 678
3367 441
4053 2558
3665 507
4307 2052
3891 3533
2542 4178
3510 1975
2647 1381
2719 3050
2587 2077
2594 1750
2779 4087
474 1724
1448 1947
3329 3680
3512 3744
2106 3131
2939 3313
175 2349
3340 1906
1624 1651
3294 280
1029 447
2536 3506
2233 2278
3350 3950
2979 625
1828 4221
1879 1736
3099 3184
1076 180
1439 100
719 1459
2410 220
2971 750
652 304
3840 3555
3147 2953
2864 4289
4239 3772
944 4002
2845 2081
56 1419
7 198
190 3500
2417 723
2243 2195
4378 4138
3841 2998
4346 3483
3873 4109
945 0
3142 1895
2166 1684
795 298
401 4327
2461 4182
3028 3856
391 871
4546 3163
2678 2568
2620 3895
1411 1631
1164 2213
1383 2889
4320 3844
1254 2976
2367 4070
4051 2783
3015 3735
67 3823
1621 4044
2621 2006
1587 4096
3438 4335
4479 3435
3298 230
1440 3142
2292 3285
4290 914
3987 3634
4463 3485
2844 2576
346 728
283 1488
1337 2343
3050 4205
3757 1867
3511 510
2956 2341
1647 1836
425 1153
2189 1859
4052 3299
4400 4102
1141 4375
921 2317
4415 223
148 3370
2514 1876
4304 2242
3661 352
4397 865
4409 421
17 3022
2879 2578
2701 1982
4350 4249
1574 2884
4494 568
3301 878
2376 3411
2349 2408
502 3948
2281 1972
1630 511
910 1160
2107 1775
2743 4110
1526 3591
4165 3514
2529 3683
1454 3463
4509 1341
3828 4
3426 2133
370 204
2139 2698
1981 840
872 1055
2814 1374
550 978
167 3966
2574 3524
2576 3415
3780 1930
3003 2839
2046 2169
342 2061
2784 3116
1442 2111
558 463
1471 856
2891 2016
1900 2335
3473 4337
3428 2609
648 801
4344 4103
2589 3842
2111 226
3411 2777
3065 3083
3330 3019
2062 2444
3718 1029
3590 1657
2066 4039
664 2761
3389 841
1145 1004
3343 3213
701 2814
2204 4174
4135 1984
3203 1056
3548 1158
2251 845
1639 674
3041 569
1367 438
956 2667
1687 2124
1372 1692
4072 3775
4241 2714
2057 1921
1137 1818
2463 1897
2044 3525
432 1217
3633 2726
495 3436
1767 560
4535 528
0 3858
1682 2092
4073 1613
4326 2958
4079 3915
1963 337
2198 607
1533 4197
1238 964
1102 1737
3148 1719
904 670
3729 1051
2341 4085
2645 1713
3048 4111
4269 285
1436 340
4467 3616
3991 1615
958 2344
2392 4045
4316 4296
4039 2373
2508 1024
2911 3057
3607 668
2420 2857
1007 1808
2323 1167
3962 1248
1594 3153
4527 2074
761 3756
47 4284
3592 1006
4299 713
1924 3232
4552 648
1287 1665
4563 3339
1992 926
3183 2961
11 494
4405 495
4399 390
3042 1626
2700 3476
627 2611
3289 2826
3882 1689
4142 2064
1469 1336
612 2702
3768 1129
345 1627
2823 4356
299 3141
1502 4315
4235 4097
2229 3073
3280 2954
882 3859
2199 3444
4584 649
4539 4047
2094 4325
2426 3380
2947 667
847 1850
2693 3398
1604 1484
766 4129
435 4008
2755 1233
4200 3568
2641 296
2126 3249
340 1220
2696 3349
2895 744
3595 2542
1640 590
2888 267
1091 497
4357 4320
3777 626
1345 614
717 2982
3046 2650
3386 249
917 2246
2553 1096
3643 3076
848 2514
4286 466
1988 2683
619 3536
3092 2743
2950 2419
3738 136
2442 3839
3662 1742
2190 1632
3879 3412
3523 4269
4560 3592
140 937
2282 1001
1790 4309
3779 3907
219 2350
3589 3713
4438 2085
1358 3600
3089 1799
3924 3951
3655 323
3124 1404
444 282
2682 1944
1375 2110
2374 2407
3009 1009
4034 2267
1107 2561
864 2405
2909 3323
2762 3523
3297 875
540 1783
1929 2119
1197 3472
1523 1413
747 894
2372 2268
1974 938
743 3922
4246 290
4230 951
108 3993
3972 4027
1422 3338
456 858
3246 3379
4240 3154
3417 557
3899 2531
4422 1886
1123 2810
2043 4237
604 3373
1826 3651
2597 992
2485 3642
3265 2130
4211 1928
3528 1994
4255 1509
289 3972
4514 2403
169 1965
2767 493
3809 3783
1207 3808
2216 3389
2804 349
2558 2275
2789 3630
80 3589
1641 2513
2686 3225
585 752
1697 1866
2382 3077
3786 1787
676 2387
2533 4186
3381 3661
4459 1333
184 3780
1021 3148
3202 3047
1393 3672
4444 153
3567 722
2325 2340
3714 435
3913 10
2887 3350
1651 2218
1586 2521
1444 3119
131 469
423 1560
1247 2380
2076 422
433 600
2841 1834
2554 1230
4174 3677
3321 4028
285 1315
1115 2174
3670 3870
3668 3887
4556 1116
780 3108
3727 2418
2101 2128
2712 2853
3628 4049
1745 73
1726 93
1283 2173
1231 218
1845 343
3494 3099
2537 3857
2342 3662
2855 1274
2923 3310
4217 1175
3846 565
437 1174
1062 321
1600 1370
3960 794
3537 3494
2222 2205
3249 3595
2935 1030
1301 33
3067 2217
974 2307
3782 1234
4469 3172
4561 2556
3947 532
3404 757
4396 665
3259 967
4448 508
662 407
3853 4361
2788 3886
3500 671
3863 3482
4192 1578
4207 3443
3385 1801
2893 1784
3830 3450
4496 4389
3933 121
446 135
1157 3093
890 3089
2356 1530
48 3333
203 1694
561 2320
4362 2068
573 2664
3522 2773
3606 3231
1256 3825
2562 245
4267 2969
1295 2638
1731 3278
2683 134
3420 3407
182 2972
4382 3814
713 3308
3175 1992
1398 1913
3196 2706
3835 1156
3585 2895
2816 2668
3669 2057
774 3502
4589 2893
1959 1861
3240 1344
3937 2363
1087 1400
438 3722
3244 2959
3118 1772
671 2477
1695 399
873 4139
2065 2047
3328 63
3467 2692
3825 1553
2274 3564
3155 2201
4300 4010
4383 3655
3445 1190
4533 1791
3436 2867
1377 3604
3844 3284
4140 3189
3599 902
2473 4336
542 2506
582 3845
2605 133
1997 3312
374 353
3588 2807
3260 3247
4298 3679
3021 849
991 3970
26 67
3464 1489
820 3377
2803 2926
3521 1465
1055 760
2123 2914
2837 2580
3616 2836
4223 4370
3845 3998
1841 3386
4475 452
1331 4267
3559 3788
765 3427
4083 3387
4484 3538
3554 2417
3964 3978
3454 4377
672 3919
1374 1654
2100 3608
4105 2076
3751 580
1957 1140
3805 254
3516 268
238 2292
735 2573
78 3995
1946 40
2642 3660
2866 3704
773 291
887 3939
4082 464
1541 3007
2068 2530
3423 2046
1058 4158
445 492
3577 4215
1152 1841
1329 3645
434 2288
1632 1261
3739 327
3295 1864
1677 3186
3187 2771
3456 4383
3927 2707
406 3834
3798 2026
4482 1451
2 3754
3070 1349
3193 842
4423 405
2375 2248
2050 3030
3057 714
447 2529
3014 4391
2175 3441
1198 3925
4410 3322
2412 2007
580 1898
2761 3440
3487 4302
3547 3986
2311 2383
1472 1863
3916 2372
3375 3659
4157 3013
3772 3086
4260 454
2793 3328
2903 3134
443 1412
4447 2908
3509 3426
3865 396
2164 890
1648 1151
1245 833
43 4042
59 718
2114 4390
588 3709
3252 1650
2453 2238
103 958
3352 3621
829 305
3123 4106
416 1321
4126 3684
3961 3447
2118 2965
3308 2700
703 3750
4451 1703
3 3289
3557 3905
3801 2411
3871 4274
775 613
3880 4020
1616 1805
500 3934
2753 2287
1047 2196
2984 4300
4488 2429
4156 3806
4544 4266
3619 2493
858 2448
2474 3449
3673 2630
3231 3666
3896 3958
4096 4380
3492 2688
892 483
824 4033
2184 768
3767 1195
4077 2966
2482 306
236 1725
2598 3005
3575 3194
3253 4219
4016 4257
3726 3421
3413 272
625 3318
110 329
1542 551
599 4006
874 194
3507 2732
3112 2828
2936 3703
1912 3707
4468 1979
3235 342
1455 1312
2522 1388
1538 3794
2720 1320
2091 1481
4035 1581
2962 1183
3332 1638
128 459
3988 971
3955 2904
3513 2004
3818 1923
629 3311
2427 4101
2881 2592
854 4278
657 181
838 545
168 4239
2161 4211
3109 2051
3920 4037
723 1788
2614 4052
3793 2154
3044 3496
3992 453
3013 3975
3452 3431
1643 4294
1654 2315
1288 3367
4190 1929
805 345
3497 2894
4180 4030
2507 3275
239 354
781 3850
611 3242
3747 3649
3824 627
1022 4248
1310 3307
4439 982
3946 1817
3189 2952
653 3657
947 3926
1468 832
2955 1245
4437 3471
4582 2365
685 3614
2626 292
1652 799
1795 4275
3192 546
4253 2203
3307 2942
2155 3152
2460 1170
3635 137
823 334
4366 2681
326 928
3875 3090
4319 581
1816 919
145 4156
4311 2526
3316 2675
3745 2010
4191 3445
3479 2501
1561 1013
4244 1503
636 2682
4163 3726
2359 2950
2609 3351
4270 1888
3212 1643
3908 3640
3850 3182
4058 4293
792 1700
1810 3565
2163 533
784 3342
4198 1229
903 3061
920 2641
3045 1862
2736 860
2017 269
4055 3159
2948 3740
2039 685
4050 2590
4503 1981
4033 867
3851 2483
457 2533
2079 4324
801 798
1995 2232
2900 3843
3569 101
1678 2856
4322 2247
3039 1832
1746 2945
1066 687
3439 3738
3800 2063
2354 2440
3179 1890
942 1092
3737 3852
2604 650
3881 2986
3501 3990
4294 2883
2668 1647
1638 3385
2234 1128
4024 3354
3476 2089
418 3815
4573 734
3995 3252
1171 4369
589 3739
3432 2075
1184 901
547 769
2847 3696
4048 3359
2744 3151
4408 3423
3722 89
3624 4368
2334 1073
2136 2258
1902 3138
1880 3334
3912 3878
3625 1135
2810 4189
3402 17
849 881
4062 4363
3813 3541
708 2850
689 3103
1014 2050
3636 4134
1009 4122
960 724
1129 2139
2662 3909
4314 3837
407 3400
906 819
893 3848
2121 998
2550 3404
1627 3527
4148 1033
4398 2699
3480 1182
2300 2148
4242 534
1494 216
2974 4040
2677 3337
1418 3147
2074 3841
3427 1820
1023 3656
744 1181
3159 3781
912 1019
620 4272
3566 3481
448 4169
2153 3222
4158 2445
3534 4191
1204 2845
1173 4246
1606 3559
3690 74
2201 1366
725 2815
678 1776
4433 3250
3126 3945
465 4024
4343 2978
356 4338
1851 4333
4232 3066
3278 4297
312 1208
4606 1427
1122 526
4380 3557
3630 2968
3750 2342
4068 4055
1134 3910
1200 3265
4213 4365
524 3332
3282 444
439 3199
4071 3518
3369 1701
975 1918
2060 797
665 4357
162 3347
2718 1516
3536 3364
4256 2823
621 3569
1931 1346
1286 4233
1174 3752
1190 3872
832 3088
2445 2685
1457 641
3100 3706
2870 1359
2650 3038
4187 2821
4571 1916
3755 2245
4139 3931
371 988
4365 1425
3872 3100
3898 4258
2688 3861
1938 1348
1121 821
2616 229
3693 3540
3795 55
2413 4155
2011 1909
244 443
3204 3331
3715 4374
480 213
3043 3539
3784 106
2649 4317
1426 1910
816 3913
4427 3927
4112 3801
4305 2371
3869 572
4325 4312
2658 1283
785 2879
321 3552
274 2034
3455 2693
2092 4167
1251 2158
646 3866
926 524
3852 2397
508 2277
4551 2082
2366 947
4555 2103
279 1107
3257 2470
487 1479
1550 3244
1045 2640
1289 2346
2657 4326
902 3257
2195 369
2638 1042
3505 4213
4147 1171
2831 591
2704 1375
3893 481
3584 2797
4510 3701
187 3465
4359 1212
1265 2500
2675 3875
233 3994
305 4069
587 1826
3270 3125
4094 2762
3077 3965
1527 537
3886 3882
4565 2413
860 770
2790 1441
866 1710
1895 4227
2516 1527
1341 4125
49 737
3612 2812
3449 3273
4303 3912
3090 830
3734 1735
2348 1641
4288 653
3358 4176
4310 3896
2509 2251
1151 1740
843 258
2787 3962
1759 3224
260 3601
3641 4285
4022 1354
1894 1677
2730 2170
4219 1551
2504 3743
2856 2869
4065 2687
3238 3029
2569 2523
814 1081
2016 2122
2758 2151
4031 3456
2487 2392
4027 3489
4021 3924
788 1025
3184 2291
442 2264
1019 4303
654 183
4492 664
357 3543
1808 1436
1479 4318
375 1268
3753 4140
3856 1892
1569 3916
742 4036
752 538
535 515
1605 3968
4336 3282
491 4108
4550 2334
1182 2544
337 2882
1416 1474
2573 3813
642 4273
3604 1957
4358 376
3849 2142
2829 23
3973 1702
2980 696
4485 847
2249 3280
1276 994
426 3944
3430 4115
1970 2457
1209 780
3236 3178
3059 424
658 3457
4477 173
1077 1518
1185 118
2967 3315
1840 2330
217 3274
1825 1636
1478 1634
1309 428
4512 868
1536 3932
4043 1773
3546 1010
3134 3341
4395 3507
1890 2021
4331 3372
1458 2798
1497 999
3979 1291
2707 3488
3166 1163
1761 3010
4173 4308
3535 2071
1994 86
188 577
4124 4217
935 4194
4486 3439
4594 2505
376 2490
1035 2599
232 1656
3797 3211
1430 4017
4354 2116
2671 995
4041 4001
308 498
4090 2748
4287 3736
4487 4262
2674 8
4289 261
2563 450
3788 4366
4461 583
4074 2898
2174 630
891 1803
4457 1216
1100 4332
3682 864
3790 2443
3425 2885
245 772
2907 637
170 425
4430 4381
1405 2384
4171 2770
280 2784
3205 2163
3008 2669
3311 1879
1188 2583
705 3516
1103 820
2488 615
1217 2189
1028 3745
3441 3537
2299 3291
1517 924
4075 311
3233 2280
394 1475
4172 95
484 3938
106 1883
1153 3742
4176 4059
251 3903
1308 1869
4175 3753
85 3096
4547 2818
3319 81
2863 2206
2858 1440
3807 3018
592 330
4199 2499
1306 335
2807 3574
196 2620
856 257
3139 4146
19 2080
1581 3687
4473 1885
185 96
2096 1894
3538 2313
3943 4162
3409 2851
2527 3466
3675 1356
4534 2670
3911 299
1315 2136
1424 2877
2928 4247
4125 1596
3791 2177
1714 2079
1964 2283
63 351
1603 3170
1735 3748
1456 1362
3936 2311
3390 1591
2458 622
2492 1018
125 467
4275 907
4315 2510
2521 2515
2724 3637
2607 3366
2422 1197
3837 2848
3709 3012
3382 3578
1873 205
4292 4206
1564 3763
4183 4245
3410 617
4416 1676
1235 1202
3989 1542
1063 3734
2447 3719
1843 2326
840 4228
179 3777
1609 2567
1097 1133
2631 3529
4166 289
1985 2487
2983 514
224 2655
4063 2651
3705 1931
3640 120
1590 2656
763 1854
1106 360
1371 2975
3710 2944
1290 3034
3645 71
3983 2033
4245 3952
2825 2229
4026 2424
262 3468
4003 3035
3771 2910
4523 1681
336 892
966 1142
4352 2862
2951 1814
1291 283
4049 1872
1923 3414
3691 1372
2125 3320
2176 1564
1661 1599
3094 1339
1812 3264
4386 3228
1508 2447
953 3053
563 3384
1438 3402
3486 822
3380 1812
3110 3853
3969 2672
764 3238
322 170
4214 1224
4557 339
2918 655
4188 3732
2262 1184
3854 2378
3376 1378
3465 4330
3921 3663
667 3179
3519 3888
2215 3043
1307 4232
3082 3056
4572 3343
753 2274
1811 3997
3312 879
3571 4092
2270 1483
2775 1437
813 823
483 781
2914 25
2944 824
3810 2703
1998 2947
543 2677
4196 2571
3720 1007
736 308
114 191
545 4159
2258 1704
1911 3261
1257 4244
2312 1395
3223 2864
4274 3287
1206 232
1802 2032
65 548
3261 3911
1213 904
3530 2039
2889 2305
3978 4107
4330 4029
4001 1511
4321 440
2419 456
2289 944
267 4180
1292 457
1346 3218
3408 1443
3114 2192
2022 3309
1379 4392
3553 2648
3095 660
3930 2043
3125 2284
3079 2260
4401 930
4169 154
3061 2200
2517 2636
3437 2822
3597 3461
2606 2955
1552 2720
2468 715
1158 1625
4377 401
2200 4144
2086 1031
301 1177
2959 7
959 1060
462 3892
740 2181
4499 1524
2777 1513
2629 2832
3848 373
2279 2781
4122 2625
4123 761
4178 3897
4203 3908
1278 3610
3664 3314
2424 1830
4313 370
2278 4112
3384 16
4015 3790
3362 2631
1565 2616
4266 1326
3653 2347
3728 1623
1853 3063
2137 1550
2611 3301
2415 1525
2160 4105
358 2451
1525 3503
1420 1745
2619 3987
2705 1716
27 2985
253 4378
5 3584
2115 174
3011 1508
745 3094
2295 2316
3684 3181
3176 3015
3769 2013
1277 2299
2635 2769
1943 3240
2213 138
575 4073
2661 3452
1588 263
3084 3434
2344 1901
3263 1798
2321 4252
4110 4311
4097 4119
980 3829
2228 3682
2283 3615
4011 1995
4007 3567
2555 1827
201 2632
2196 3292
2179 542
2048 2131
894 4038
1636 773
2988 328
2987 726
3185 2512
3658 2310
4273 2543
1977 1145
2511 2125
2596 3054
2711 1718
1692 3526
475 2737
3654 2991
1054 1572
2746 3188
265 3376
164 4301
4144 2979
2917 3041
1316 3562
3036 1117
2884 800
4562 3575
221 53
3708 4113
3498 652
1727 1254
3652 3248
2617 3504
4152 3279
4000 3877
1480 1337
1768 3177
3696 2396
4136 3392
727 2780
2151 3698
3781 3566
2930 2618
1421 882
1147 3981
2097 2753
1867 2328
1657 3553
4454 1385
2098 1563
3472 521
2437 473
529 2635
3759 2073
2501 2557
2652 1386
531 918
2336 1077
967 222
1510 952
4030 102
4374 4250
2436 782
172 1152
1499 4314
932 3873
831 4319
399 2011
2266 1420
377 3594
2093 260
2722 3195
4446 3277
1820 434
2584 3357
2666 3718
2857 1458
2252 2902
4092 1148
1452 656
3572 2993
1073 3977
3887 1774
3078 3097
4581 386
2723 1644
24 4053
2862 2308
4032 1529
4465 1847
1284 1410
4599 730
1858 813
1887 2298
4525 547
327 672
352 3253
721 4173
2297 1561
3954 43
1305 1848
1778 3011
4489 3374
3180 1942
2484 2202
281 3548
3035 2086
1953 3399
3058 430
515 2210
2150 4057
1781 869
1352 2739
722 2647
2469 552
2559 3836
3186 3065
2729 185
4150 4163
4593 58
2590 3139
2271 2395
3741 948
1637 989
247 1085
4091 4376
3161 2219
4193 2712
3704 2733
3504 3046
852 4094
821 910
75 1547
2977 4064
3345 2517
3355 876
1844 954
1916 336
559 41
615 3371
266 375
1078 1528
3211 1637
4341 2999
3539 4164
2896 4323
3213 2426
3398 1239
3440 2943
1864 2767
4596 1036
1040 2415
2462 3869
1575 2179
4449 2182
2672 4238
3838 1468
4019 2653
732 3042
1495 3544
3600 3469
1732 4088
1854 2847
757 3479
1048 2377
4578 675
4522 1382
546 1670
2202 1078
3963 4114
3499 883
700 893
2173 2491
4586 1082
454 1061
3160 4061
1230 42
216 1292
767 3974
2828 451
2750 959
400 3176
1934 2123
3055 3190
4087 1945
1897 460
4120 504
402 2992
3421 2779
3527 4263
4216 4082
42 2724
4080 2339
3754 1118
121 1237
3678 1316
55 18
1318 119
2932 1276
92 3563
1026 4165
2316 844
4332 3327
1360 746
3897 4202
3068 2078
4340 1487
2721 2809
3906 1837
996 500
3952 2787
916 2778
3256 900
4543 661
3197 1016
2108 2613
1837 361
2178 3464
1870 3572
2961 12
3170 3378
1347 3395
1223 2772
1395 2708
988 155
3137 704
3392 2391
2846 2017
4014 2494
2765 2370
681 2188
2990 2774
1348 642
560 2646
1322 2564
800 3546
1789 1121
1321 2766
811 2569
4302 3091
3868 2660
2486 3570
4368 2563
1196 682
4103 686
3804 2069
2681 2460
4181 603
4604 3612
3985 2535
3209 4279
3145 2062
3220 2140
4040 1543
102 2354
4450 4353
489 1432
4335 4041
2187 1032
343 2868
2659 2572
626 1045
2402 4078
3711 4268
1978 759
3778 4229
4579 3120
177 4254
1246 1835
1236 1108
3327 3593
3141 932
1175 277
2854 4292
2908 2804
857 2161
2457 3070
3695 594
318 4004
3676 1461
2328 117
1595 2488
2313 1222
924 862
2477 3254
709 44
2452 2265
4528 3603
1928 3026
2327 2029
2147 2037
158 4276
3216 2920
3660 176
4524 4282
3488 1338
4143 3499
1710 891
2691 3115
2373 239
2622 3864
682 2735
951 1953
3923 3693
2418 3636
4104 1846
4480 2185
1296 1034
1951 3475
3379 3917
3391 2031
2337 2711
3165 49
2867 4120
943 931
1955 2369
1942 3901
634 1878
4189 3082
520 3737
3674 3629
97 846
3219 2676
2350 3607
1376 2367
4251 2873
3037 3109
3354 3646
351 2250
1708 1566
3902 855
2260 1843
3227 4065
180 2144
2571 1485
2277 4154
2781 3418
655 2900
1205 4091
3283 2153
4372 2940
2993 1635
3356 4187
4384 2040
2405 2159
2379 1295
2531 2207
107 4121
286 3212
2226 2375
440 2252
3681 3130
2653 2102
4295 3028
1342 2539
2770 4031
729 3694
4568 2559
2916 3715
3293 69
4119 1493
596 2434
1214 1026
4070 91
772 522
2358 1780
4095 2744
1772 1614
314 129
3945 358
202 3167
3811 851
3364 271
827 171
4458 3758
4208 1495
361 3625
1359 2166
269 3749
1956 2121
2812 1769
1524 250
3957 1974
2689 1105
1871 2582
3303 2861
4064 753
2363 3923
4600 325
758 3033
1860 3365
1432 2361
4008 1104
2628 1176
2685 631
565 244
2149 3784
2383 368
2230 699
1717 2381
252 413
3207 4350
3634 2404
4318 3928
918 1903
4020 3741
2639 634
142 3200
4045 2801
978 3979
1799 3942
3221 2084
1881 609
4470 2824
1983 1552
1971 3133
2981 284
1659 92
2239 3208
896 1722
3971 3316
1500 1027
539 2830
91 3929
859 519
2395 1752
3758 2603
2429 1887
683 4089
4164 3991
3457 1849
3716 1070
2000 2614
1464 2225
271 1904
3469 1588
686 719
2217 3846
3667 3884
3827 2838
3725 608
4536 116
4146 1455
490 4352
1993 3710
455 925
3701 2306
2520 1584
3730 1989
3627 3705
1406 4131
3027 3340
720 850
3418 1592
3520 356
3093 3733
1064 427
1846 3508
4296 897
3770 1199
31 3382
186 2760
4553 2045
1724 4185
2885 4210
2634 3215
1720 1072
3883 787
3182 1768
1646 3168
3317 2938
3414 2276
144 1263
4452 3686
3644 2437
4328 1687
3178 3641
54 4222
837 1580
2343 2212
930 186
2318 3052
3033 3492
878 1822
2552 2551
1884 3982
4501 2099
3279 3306
1730 3330
3291 227
4464 502
544 3821
1114 3009
4210 217
2660 4123
4462 3072
1281 2927
117 2649
3966 2808
2842 2214
472 177
2627 1095
3796 2241
122 980
1901 3105
113 3428
597 4050
2540 2913
2169 2792
3306 3106
4013 2791
112 3487
2238 762
4495 2464
2056 461
1891 3747
2005 1046
3403 3451
3226 2511
1969 4166
3866 3773
2254 2197
1465 1100
1027 2594
4309 246
4248 1101
2208 3638
4441 3270
165 1308
552 3401
88 3691
3342 3495
390 3573
4099 1671
3322 475
3888 2198
1008 3059
417 2983
4243 4046
1056 2495
3334 1948
1459 4124
4078 124
4421 3582
383 1562
3318 2624
4054 2684
581 4196
3631 2796
3468 3201
1698 2905
845 3107
3526 2257
452 2193
119 4240
3540 462
3018 3230
2430 3863
4006 1576
3677 1985
2273 2450
3435 606
120 1448
3629 1053
632 34
1149 50
1159 2097
2872 3298
2697 113
4076 36
1425 4201
453 3150
3172 584
130 3644
3870 2289
2941 697
756 3587
987 2962
3300 2872
4167 3956
297 4143
995 1357
1566 3542
4388 4170
2556 122
254 4305
510 709
3558 1630
605 1047
2798 2946
3646 3973
4379 2439
1475 26
1783 643
1155 3818
3545 4075
1293 1000
802 192
3859 3766
3703 3321
2315 695
291 1059
183 3360
173 1332
1713 3173
3174 2553
4025 1587
3615 1514
2976 3751
628 3996
2821 2570
3931 4313
1431 3272
4587 1238
4402 2849
1548 3586
3019 4093
2853 3143
189 2829
378 2304
1242 4005
1282 2294
4312 2662
1700 2552
1859 877
3135 75
517 2420
2033 2162
2330 1147
2305 968
2240 1300
100 5
2245 2548
4411 1470
806 1786
815 2098
2610 1880
1084 1325
2290 1278
379 278
2154 2718
1349 2858
830 3512
622 293
2934 1491
514 921
2329 1286
1485 1021
1834 717
213 2048
1553 1173
2684 4212
2518 1099
477 838
643 1840
382 997
1813 1505
2886 471
2475 3714
1592 1510
2138 1367
1585 2091
310 156
441 1758
613 1065
71 1392
2905 1164
3626 59
970 3391
1104 834
397 314
1323 1522
3047 1401
192 739
835 1912
649 756
1427 2538
3103 706
4228 610
3740 1318
1676 662
277 1298
2834 2001
1847 535
548 783
99 2261
1117 2887
94 1109
1628 1089
509 3396
2985 553
1666 1090
1787 1267
275 2416
2010 1373
2089 802
2929 2540
1006 20
1072 2793
1886 326
1776 2228
174 3804
1333 211
2768 776
2054 1418
111 37
981 586
2143 1715
1414 1926
1163 1893
2933 509
698 2410
841 2364
1135 2928
104 157
691 60
1940 2634
969 1767
1611 2666
1839 2425
1336 123
1738 2727
1567 2679
844 97
3562 2906
1807 61
1608 90
1763 1532
783 863
1060 561
2747 1447
1707 3164
1521 1466
1460 1884
1579 2249
737 2389
153 1409
2018 2422
241 412
3000 2988
506 3124
2116 2126
388 1667
3525 2209
1910 1194
687 1236
2142 1302
1534 2498
2269 1720
3119 1428
132 1777
512 825
1679 1674
630 1559
536 221
1715 188
1020 754
2103 639
549 1450
748 1996
2945 364
504 2145
526 3767
826 190
1655 3717
3217 2012
952 253
2632 2141
70 1606
235 395
867 51
381 397
4342 814
2102 985
2182 1345
1031 621
1250 1617
161 3169
842 28
1756 3084
1936 2231
3305 1168
1010 595
979 1891
3167 588
1161 262
2591 2066
211 2191
2539 1476
1689 402
2087 2336
23 638
2288 1198
777 788
412 164
2026 2458
973 2164
129 1540
1718 679
1653 1496
1583 2888
666 294
1701 2227
2144 1990
961 676
3144 3187
2764 2886
323 852
1709 1293
1378 1284
470 1390
61 1247
2924 1526
812 1079
2053 529
1824 2272
1334 3263
518 2338
1136 416
656 1322
463 474
25 208
2052 1640
82 1064
1757 2842
1921 3075
1734 1728
1755 3505
2530 1856
567 2459
1571 362
617 1669
2317 2846
2636 2911
257 1875
779 2502
1384 2402
1856 3889
1210 2852
1868 3064
2263 2382
255 2120
1644 4152
1945 1664
1617 1365
2490 3335
32 1590
3060 764
2852 2266
1363 3420
214 491
1817 1423
1176 523
2968 1213
1385 632
1351 318
4502 2939
759 214
3251 1480
1842 3832
1649 1828
2783 520
2078 1738
2131 1809
492 2376
1889 2819
2225 701
341 2466
3347 612
1944 300
1177 2301
1354 1162
668 1748
2799 1397
2326 359
230 1406
1410 2728
272 2135
699 2300
2613 837
726 2009
1388 1453
577 991
2669 1661
3602 2918
1262 3048
669 2901
1118 2329
2128 2113
1241 3627
1343 84
496 3267
1013 1575
396 2199
1805 1538
616 1697
3150 286
2446 378
1094 2731
273 193
2695 1435
760 1658
1898 233
1973 2150
2291 2604
1703 1793
568 729
3461 80
9 98
2134 302
538 1188
3156 1500
2293 2480
2851 3161
2037 1645
1150 109
2710 3985
519 2204
2272 1723
155 2843
2772 2776
1490 1741
862 817
569 2680
1702 3128
2210 774
240 2319
324 1506
659 1307
870 2295
1596 2327
1615 3000
1962 1251
1178 1041
633 2800
1833 2802
907 1270
1428 403
2438 923
1729 1467
2564 1471
1192 1112
2910 4190
2141 2705
507 854
4252 1403
335 2937
1417 1214
2119 99
1619 2435
883 237
1908 2183
2800 1958
1086 3353
898 3258
4317 1653
1543 2323
1269 1754
934 163
3052 1951
215 804
1863 1757
1667 3110
608 960
2003 439
2352 2022
311 2322
532 2695
1138 1014
1095 2309
1597 1421
1049 1924
2780 347
73 1110
2396 1871
1260 2865
1466 1389
804 2095
2047 162
2479 3266
1441 3069
2797 3779
1589 1600
2082 409
3266 1080
3007 1666
2786 1943
12 1102
2637 2067
2892 2550
419 1255
207 2143
2246 465
946 1762
3001 1486
1105 2302
1067 103
2524 956
1740 1138
1244 2562
1071 1067
96 11
997 331
2029 2156
834 2484
1750 1986
1857 983
922 2643
1618 479
2307 3087
2058 1761
2913 1221
198 2691
993 288
3152 564
157 1567
1033 215
927 3515
3248 536
3056 1330
3416 1860
205 279
4293 1917
715 1407
420 1456
209 3239
635 1433
1656 228
4506 2537
2247 1187
2938 1123
644 1857
923 1408
818 635
1486 2876
4566 3206
808 1519
937 3782
2526 4223
1195 3221
2276 689
1878 1311
3106 1790
1733 1708
1514 13
2381 1002
143 2455
2250 1934
1390 592
2347 741
1335 986
2219 1966
1361 1504
1156 4095
2414 400
2162 2331
1381 1907
675 1672
4497 141
1876 4343
156 38
2042 3325
146 1371
1990 2612
248 2107
1987 404
430 1743
464 3098
4428 1663
1126 4328
2009 1309
1918 2768
1798 2127
3143 707
1672 3879
4424 380
325 1960
1519 1225
929 499
386 1949
884 1232
1437 1122
212 1765
1961 3520
1723 3874
1906 874
313 2741
1821 1881
2191 384
1302 1770
2835 3068
2253 3129
330 341
2192 1962
1249 142
3287 633
3173 1120
639 3269
768 2314
3117 810
3632 1240
2690 1680
2235 530
2157 1015
278 2240
908 698
1699 1899
4308 1290
1505 468
1681 2285
985 1329
2439 1377
2130 2409
1612 2101
1074 82
955 2366
1601 3438
1712 1813
1298 680
2630 1804
4149 143
1167 3302
718 1594
89 920
2549 1649
2261 922
3565 2028
2904 1048
389 70
62 2719
2567 1548
3518 19
1665 2795
2024 4056
1593 2388
1744 1932
1549 1605
2421 1231
2109 683
2444 1824
1016 1478
982 2406
2428 3723
1584 62
1222 3817
3982 544
3264 2903
1829 1555
2394 2855
2027 2508
1535 1049
242 3192
1937 1361
3822 144
697 110
1982 593
2732 2704
83 392
1259 1299
1130 206
1801 3003
478 3459
1303 1726
237 1498
1179 2109
1467 442
3679 927
1511 1796
1620 1721
640 1331
2901 2312
3541 2442
1725 14
3063 2270
3694 2565
1522 319
295 1209
3237 1967
2012 1685
4271 419
1680 2059
1765 1705
865 1541
702 1127
1225 3294
3396 570
2751 1130
37 720
2547 1980
258 1094
1642 1200
4283 1811
2568 1753
1239 935
2146 1778
1716 2005
15 1134
1950 1
199 1086
706 3171
1201 1744
2820 2817
2791 107
359 3326
879 1729
250 2831
193 1391
1498 940
13 2738
2459 2834
2824 1383
1413 1258
2209 1908
4060 1179
1786 1954
938 2486
600 1139
1599 1622
1852 266
2776 432
3111 332
1119 2756
983 2478
948 2597
1753 317
2177 1304
2303 3933
2581 1327
1355 433
2280 2368
328 2172
1711 2987
1041 52
1065 1398
4268 1839
4264 1442
2416 2623
1496 1896
436 57
2481 3764
363 1501
2183 1193
1409 784
2298 1132
2454 1439
2401 2763
1380 2360
2256 1639
292 3597
739 2018
2403 3175
296 264
941 2282
3010 1956
227 839
2425 2035
2478 731
3549 169
1980 2030
661 1306
2193 322
14 2674
1142 1131
1968 72
933 125
2132 2593
1926 3361
2077 445
2036 1512
1382 870
3086 1050
2868 1087
528 1950
1503 2359
1108 973
2676 1226
828 1323
583 3528
1203 1779
914 1038
2748 2891
909 1264
3107 2971
331 601
733 2263
3102 333
152 196
333 251
1573 1978
1835 1730
603 1565
1788 6
1623 4358
3394 1582
3578 484
1752 1266
1989 1852
2339 1235
1633 1136
2466 1959
2203 1280
2769 745
195 2657
497 128
3496 114
1481 3920
101 2374
1920 159
2408 1350
618 437
1602 1364
2014 1595
300 1573
3188 1411
1919 1172
1386 3246
3917 160
3277 747
3561 1574
911 379
2287 2516
176 126
2227 2167
2040 2194
3493 1215
2608 2628
503 2433
2008 3675
1061 1624
1668 1682
1577 1679
2882 644
731 2496
2565 1305
1684 3118
427 3237
2340 1192
522 3345
482 3486
2541 238
353 480
1042 936
3514 2180
3444 974
2007 1607
2433 3835
2728 2321
3146 540
2467 1334
178 1243
1669 775
2513 861
1220 2352
1814 247
1537 3112
4160 2441
989 1376
2391 248
1098 1991
2364 3146
1032 3579
151 1115
2643 2629
3406 3166
2503 2661
3613 2233
986 501
1125 1277
869 1399
4059 1259
1294 1717
2655 1610
2385 2890
421 1693
1263 2054
1226 3305
1591 1523
3073 87
4133 1353
16 562
3302 490
4028 2916
1888 381
521 4090
2075 2318
302 3549
354 3667
1705 2038
1036 806
28 3051
2172 488
2782 3599
66 555
2874 1914
3415 241
1800 3114
1986 2049
3012 1253
1664 2108
1892 2160
2456 1426
786 3
3760 78
1865 710
1451 470
2648 1098
2188 1241
641 790
1967 2713
741 3303
2322 1272
72 1281
3926 3432
4278 2015
1131 2157
64 357
693 2412
3764 2588
1181 1039
1547 3729
1975 748
3932 2973
1696 2584
4061 1760
2570 1144
1488 2917
1739 2
601 2934
1252 1068
3348 690
4542 165
2575 2438
2285 1642
2491 2236
789 2859
206 1477
1932 2432
194 1091
243 1301
1415 1430
1913 3458
2205 3276
2112 556
3956 83
1650 1544
29 1279
1513 3281
3116 1969
2369 1005
34 172
1691 3633
999 1936
2133 385
3842 2147
1815 472
787 1690
2371 866
2171 4341
2583 2221
3083 2454
2085 1845
2880 1260
366 1452
2651 4360
2534 785
2931 1204
2740 4067
1364 240
1253 127
1958 2456
2389 3720
1785 1119
1930 383
147 2431
602 1444
2357 2000
1492 1191
2084 1675
2319 1652
319 3393
1512 2652
316 1539
4483 2736
695 1165
1568 2626
229 3963
1869 2923
3136 2931
710 1691
2737 1554
4113 602
2031 147
3285 2234
998 1150
554 3664
2028 2949
3570 2764
181 1219
876 1927
2386 1558
1769 4295
3351 2020
3517 2041
1999 2820
1809 4132
2346 2752
2411 3822
928 2072
2898 348
2314 3422
208 1964
1366 35
1952 733
1909 2421
1645 1628
4404 179
1760 1159
694 993
2095 1250
1545 2854
738 2446
334 2137
2593 2742
2167 702
35 1577
2897 31
2365 1766
3774 1482
2220 1242
2023 2722
2390 1379
2703 605
84 108
1520 3044
1885 2485
1068 1351
1874 2293
2633 3290
2840 2639
2393 1618
791 32
2551 39
3040 1585
249 2813
2714 740
1629 1937
1948 1288
4394 2615
1193 1396
2654 1900
45 1244
471 3405
414 684
807 1218
2731 1189
1777 1976
2294 2184
1904 2528
149 2223
1215 1285
